

---GAME START @ 2015-5-17-13-49-3---
reg: 5555 DSNJU 
reg: 4444 DSNJU 
reg: 8888 DSNJU 
reg: 6666 DSNJU 
reg: 2222 DSNJU 
reg: 3333 DSNJU 
reg: 7777 DSNJU 
reg: 1111 DSNJU 

-----1 Hand-----

----- clean player data in socket -----
seat/ 
button: 1111 2000 8000 
small blind: 4444 2000 8000 
big blind: 7777 2000 8000 
5555 2000 8000 
8888 2000 8000 
6666 2000 8000 
2222 2000 8000 
3333 2000 8000 
/seat 
blind/ 
4444: 50 
7777: 100 
/blind 
player 4444:hold/ 
CLUBS 7 
DIAMONDS 2 
/hold 
player 7777:hold/ 
HEARTS 2 
DIAMONDS K 
/hold 
player 5555:hold/ 
HEARTS K 
CLUBS 5 
/hold 
player 8888:hold/ 
HEARTS 5 
SPADES 6 
/hold 
player 6666:hold/ 
DIAMONDS A 
CLUBS J 
/hold 
player 2222:hold/ 
CLUBS 10 
HEARTS J 
/hold 
player 3333:hold/ 
SPADES 8 
HEARTS 8 
/hold 
player 1111:hold/ 
DIAMONDS J 
SPADES Q 
/hold 

---pre flop round bet---
valid player: 8, all in player: 0, fold player: 0
send inquire msg to player 5555 
inquire/ 
7777 1900 8000 100 blind 
4444 1950 8000 50 blind 
total pot: 150 
/inquire 
recv from player 5555: fold

send inquire msg to player 8888 
inquire/ 
5555 2000 8000 0 fold 
7777 1900 8000 100 blind 
4444 1950 8000 50 blind 
total pot: 150 
/inquire 
recv from player 8888: fold

send inquire msg to player 6666 
inquire/ 
8888 2000 8000 0 fold 
5555 2000 8000 0 fold 
7777 1900 8000 100 blind 
4444 1950 8000 50 blind 
total pot: 150 
/inquire 
recv from player 6666: raise 275

send inquire msg to player 2222 
inquire/ 
6666 1625 8000 375 raise 
8888 2000 8000 0 fold 
5555 2000 8000 0 fold 
7777 1900 8000 100 blind 
4444 1950 8000 50 blind 
total pot: 525 
/inquire 
recv from player 2222: fold

send inquire msg to player 3333 
inquire/ 
2222 2000 8000 0 fold 
6666 1625 8000 375 raise 
8888 2000 8000 0 fold 
5555 2000 8000 0 fold 
7777 1900 8000 100 blind 
4444 1950 8000 50 blind 
total pot: 525 
/inquire 
recv from player 3333: call

send inquire msg to player 1111 
inquire/ 
3333 1625 8000 375 call 
2222 2000 8000 0 fold 
6666 1625 8000 375 raise 
8888 2000 8000 0 fold 
5555 2000 8000 0 fold 
7777 1900 8000 100 blind 
4444 1950 8000 50 blind 
total pot: 900 
/inquire 
recv from player 1111: raise 300

send inquire msg to player 4444 
inquire/ 
1111 1325 8000 675 raise 
3333 1625 8000 375 call 
2222 2000 8000 0 fold 
6666 1625 8000 375 raise 
8888 2000 8000 0 fold 
5555 2000 8000 0 fold 
7777 1900 8000 100 blind 
4444 1950 8000 50 blind 
total pot: 1575 
/inquire 
recv from player 4444: fold

send inquire msg to player 7777 
inquire/ 
4444 1950 8000 50 fold 
1111 1325 8000 675 raise 
3333 1625 8000 375 call 
2222 2000 8000 0 fold 
6666 1625 8000 375 raise 
8888 2000 8000 0 fold 
5555 2000 8000 0 fold 
7777 1900 8000 100 blind 
total pot: 1575 
/inquire 
recv from player 7777: fold

send inquire msg to player 5555 
inquire/ 
7777 1900 8000 100 fold 
4444 1950 8000 50 fold 
1111 1325 8000 675 raise 
3333 1625 8000 375 call 
2222 2000 8000 0 fold 
6666 1625 8000 375 raise 
8888 2000 8000 0 fold 
5555 2000 8000 0 fold 
total pot: 1575 
/inquire 
send inquire msg to player 8888 
inquire/ 
5555 2000 8000 0 fold 
7777 1900 8000 100 fold 
4444 1950 8000 50 fold 
1111 1325 8000 675 raise 
3333 1625 8000 375 call 
2222 2000 8000 0 fold 
6666 1625 8000 375 raise 
8888 2000 8000 0 fold 
total pot: 1575 
/inquire 
send inquire msg to player 6666 
inquire/ 
8888 2000 8000 0 fold 
5555 2000 8000 0 fold 
7777 1900 8000 100 fold 
4444 1950 8000 50 fold 
1111 1325 8000 675 raise 
3333 1625 8000 375 call 
2222 2000 8000 0 fold 
6666 1625 8000 375 raise 
total pot: 1575 
/inquire 
recv from player 6666: fold

send inquire msg to player 2222 
inquire/ 
6666 1625 8000 375 fold 
8888 2000 8000 0 fold 
5555 2000 8000 0 fold 
7777 1900 8000 100 fold 
4444 1950 8000 50 fold 
1111 1325 8000 675 raise 
3333 1625 8000 375 call 
2222 2000 8000 0 fold 
total pot: 1575 
/inquire 
send inquire msg to player 3333 
inquire/ 
2222 2000 8000 0 fold 
6666 1625 8000 375 fold 
8888 2000 8000 0 fold 
5555 2000 8000 0 fold 
7777 1900 8000 100 fold 
4444 1950 8000 50 fold 
1111 1325 8000 675 raise 
3333 1625 8000 375 call 
total pot: 1575 
/inquire 
recv from player 3333: fold


---flop round bet---
valid player: 8, all in player: 0, fold player: 7

---turn round bet---
valid player: 8, all in player: 0, fold player: 7

---river round bet---
valid player: 8, all in player: 0, fold player: 7

--- 1 players not fold, don't need show down---

---Allocate pot---
Only player at seat 7 not fold, win all the pot 1575
pot-win/ 
1111: 1575 
/pot-win 
it is player 4444's turn to be button

-----2 Hand-----

----- clean player data in socket -----
find residue data from player 5555: fold

find residue data from player 8888: fold

find residue data from player 2222: fold

seat/ 
button: 4444 1950 8000 
small blind: 7777 1900 8000 
big blind: 5555 2000 8000 
8888 2000 8000 
6666 1625 8000 
2222 2000 8000 
3333 1625 8000 
1111 2900 8000 
/seat 
blind/ 
7777: 50 
5555: 100 
/blind 
player 7777:hold/ 
SPADES Q 
SPADES 3 
/hold 
player 5555:hold/ 
CLUBS J 
DIAMONDS 3 
/hold 
player 8888:hold/ 
HEARTS 10 
CLUBS 10 
/hold 
player 6666:hold/ 
HEARTS 8 
DIAMONDS 6 
/hold 
player 2222:hold/ 
HEARTS 9 
HEARTS 2 
/hold 
player 3333:hold/ 
SPADES J 
DIAMONDS 10 
/hold 
player 1111:hold/ 
DIAMONDS Q 
DIAMONDS J 
/hold 
player 4444:hold/ 
HEARTS K 
HEARTS 4 
/hold 

---pre flop round bet---
valid player: 8, all in player: 0, fold player: 0
send inquire msg to player 8888 
inquire/ 
5555 1900 8000 100 blind 
7777 1850 8000 50 blind 
total pot: 150 
/inquire 
recv from player 8888: raise 375

send inquire msg to player 6666 
inquire/ 
8888 1525 8000 475 raise 
5555 1900 8000 100 blind 
7777 1850 8000 50 blind 
total pot: 625 
/inquire 
recv from player 6666: fold

send inquire msg to player 2222 
inquire/ 
6666 1625 8000 0 fold 
8888 1525 8000 475 raise 
5555 1900 8000 100 blind 
7777 1850 8000 50 blind 
total pot: 625 
/inquire 
recv from player 2222: fold

send inquire msg to player 3333 
inquire/ 
2222 2000 8000 0 fold 
6666 1625 8000 0 fold 
8888 1525 8000 475 raise 
5555 1900 8000 100 blind 
7777 1850 8000 50 blind 
total pot: 625 
/inquire 
recv from player 3333: fold

send inquire msg to player 1111 
inquire/ 
3333 1625 8000 0 fold 
2222 2000 8000 0 fold 
6666 1625 8000 0 fold 
8888 1525 8000 475 raise 
5555 1900 8000 100 blind 
7777 1850 8000 50 blind 
total pot: 625 
/inquire 
recv from player 1111: raise 300

send inquire msg to player 4444 
inquire/ 
1111 2050 8000 850 raise 
3333 1625 8000 0 fold 
2222 2000 8000 0 fold 
6666 1625 8000 0 fold 
8888 1525 8000 475 raise 
5555 1900 8000 100 blind 
7777 1850 8000 50 blind 
total pot: 1475 
/inquire 
recv from player 4444: fold

send inquire msg to player 7777 
inquire/ 
4444 1950 8000 0 fold 
1111 2050 8000 850 raise 
3333 1625 8000 0 fold 
2222 2000 8000 0 fold 
6666 1625 8000 0 fold 
8888 1525 8000 475 raise 
5555 1900 8000 100 blind 
7777 1850 8000 50 blind 
total pot: 1475 
/inquire 
recv from player 7777: fold

send inquire msg to player 5555 
inquire/ 
7777 1850 8000 50 fold 
4444 1950 8000 0 fold 
1111 2050 8000 850 raise 
3333 1625 8000 0 fold 
2222 2000 8000 0 fold 
6666 1625 8000 0 fold 
8888 1525 8000 475 raise 
5555 1900 8000 100 blind 
total pot: 1475 
/inquire 
recv from player 5555: fold

send inquire msg to player 8888 
inquire/ 
5555 1900 8000 100 fold 
7777 1850 8000 50 fold 
4444 1950 8000 0 fold 
1111 2050 8000 850 raise 
3333 1625 8000 0 fold 
2222 2000 8000 0 fold 
6666 1625 8000 0 fold 
8888 1525 8000 475 raise 
total pot: 1475 
/inquire 
recv from player 8888: call

flop/ 
SPADES 9 
DIAMONDS K 
SPADES 5 
/flop 

---flop round bet---
valid player: 8, all in player: 0, fold player: 6
send inquire msg to player 7777 
inquire/ 
4444 1950 8000 0 fold 
1111 2050 8000 850 raise 
3333 1625 8000 0 fold 
2222 2000 8000 0 fold 
6666 1625 8000 0 fold 
8888 1150 8000 850 call 
5555 1900 8000 100 fold 
7777 1850 8000 50 fold 
total pot: 1850 
/inquire 
send inquire msg to player 5555 
inquire/ 
7777 1850 8000 50 fold 
4444 1950 8000 0 fold 
1111 2050 8000 850 raise 
3333 1625 8000 0 fold 
2222 2000 8000 0 fold 
6666 1625 8000 0 fold 
8888 1150 8000 850 call 
5555 1900 8000 100 fold 
total pot: 1850 
/inquire 
send inquire msg to player 8888 
inquire/ 
5555 1900 8000 100 fold 
7777 1850 8000 50 fold 
4444 1950 8000 0 fold 
1111 2050 8000 850 raise 
3333 1625 8000 0 fold 
2222 2000 8000 0 fold 
6666 1625 8000 0 fold 
8888 1150 8000 850 call 
total pot: 1850 
/inquire 
recv from player 8888: check

send inquire msg to player 6666 
inquire/ 
8888 1150 8000 850 check 
5555 1900 8000 100 fold 
7777 1850 8000 50 fold 
4444 1950 8000 0 fold 
1111 2050 8000 850 raise 
3333 1625 8000 0 fold 
2222 2000 8000 0 fold 
6666 1625 8000 0 fold 
total pot: 1850 
/inquire 
send inquire msg to player 2222 
inquire/ 
6666 1625 8000 0 fold 
8888 1150 8000 850 check 
5555 1900 8000 100 fold 
7777 1850 8000 50 fold 
4444 1950 8000 0 fold 
1111 2050 8000 850 raise 
3333 1625 8000 0 fold 
2222 2000 8000 0 fold 
total pot: 1850 
/inquire 
send inquire msg to player 3333 
inquire/ 
2222 2000 8000 0 fold 
6666 1625 8000 0 fold 
8888 1150 8000 850 check 
5555 1900 8000 100 fold 
7777 1850 8000 50 fold 
4444 1950 8000 0 fold 
1111 2050 8000 850 raise 
3333 1625 8000 0 fold 
total pot: 1850 
/inquire 
send inquire msg to player 1111 
inquire/ 
3333 1625 8000 0 fold 
2222 2000 8000 0 fold 
6666 1625 8000 0 fold 
8888 1150 8000 850 check 
5555 1900 8000 100 fold 
7777 1850 8000 50 fold 
4444 1950 8000 0 fold 
1111 2050 8000 850 raise 
total pot: 1850 
/inquire 
recv from player 1111: check

turn/ 
SPADES A 
/turn 

---turn round bet---
valid player: 8, all in player: 0, fold player: 6
send inquire msg to player 7777 
inquire/ 
4444 1950 8000 0 fold 
1111 2050 8000 850 check 
3333 1625 8000 0 fold 
2222 2000 8000 0 fold 
6666 1625 8000 0 fold 
8888 1150 8000 850 check 
5555 1900 8000 100 fold 
7777 1850 8000 50 fold 
total pot: 1850 
/inquire 
send inquire msg to player 5555 
inquire/ 
7777 1850 8000 50 fold 
4444 1950 8000 0 fold 
1111 2050 8000 850 check 
3333 1625 8000 0 fold 
2222 2000 8000 0 fold 
6666 1625 8000 0 fold 
8888 1150 8000 850 check 
5555 1900 8000 100 fold 
total pot: 1850 
/inquire 
send inquire msg to player 8888 
inquire/ 
5555 1900 8000 100 fold 
7777 1850 8000 50 fold 
4444 1950 8000 0 fold 
1111 2050 8000 850 check 
3333 1625 8000 0 fold 
2222 2000 8000 0 fold 
6666 1625 8000 0 fold 
8888 1150 8000 850 check 
total pot: 1850 
/inquire 
recv from player 8888: check

send inquire msg to player 6666 
inquire/ 
8888 1150 8000 850 check 
5555 1900 8000 100 fold 
7777 1850 8000 50 fold 
4444 1950 8000 0 fold 
1111 2050 8000 850 check 
3333 1625 8000 0 fold 
2222 2000 8000 0 fold 
6666 1625 8000 0 fold 
total pot: 1850 
/inquire 
send inquire msg to player 2222 
inquire/ 
6666 1625 8000 0 fold 
8888 1150 8000 850 check 
5555 1900 8000 100 fold 
7777 1850 8000 50 fold 
4444 1950 8000 0 fold 
1111 2050 8000 850 check 
3333 1625 8000 0 fold 
2222 2000 8000 0 fold 
total pot: 1850 
/inquire 
send inquire msg to player 3333 
inquire/ 
2222 2000 8000 0 fold 
6666 1625 8000 0 fold 
8888 1150 8000 850 check 
5555 1900 8000 100 fold 
7777 1850 8000 50 fold 
4444 1950 8000 0 fold 
1111 2050 8000 850 check 
3333 1625 8000 0 fold 
total pot: 1850 
/inquire 
send inquire msg to player 1111 
inquire/ 
3333 1625 8000 0 fold 
2222 2000 8000 0 fold 
6666 1625 8000 0 fold 
8888 1150 8000 850 check 
5555 1900 8000 100 fold 
7777 1850 8000 50 fold 
4444 1950 8000 0 fold 
1111 2050 8000 850 check 
total pot: 1850 
/inquire 
recv from player 1111: check

river/ 
SPADES 2 
/river 

---river round bet---
valid player: 8, all in player: 0, fold player: 6
send inquire msg to player 7777 
inquire/ 
4444 1950 8000 0 fold 
1111 2050 8000 850 check 
3333 1625 8000 0 fold 
2222 2000 8000 0 fold 
6666 1625 8000 0 fold 
8888 1150 8000 850 check 
5555 1900 8000 100 fold 
7777 1850 8000 50 fold 
total pot: 1850 
/inquire 
send inquire msg to player 5555 
inquire/ 
7777 1850 8000 50 fold 
4444 1950 8000 0 fold 
1111 2050 8000 850 check 
3333 1625 8000 0 fold 
2222 2000 8000 0 fold 
6666 1625 8000 0 fold 
8888 1150 8000 850 check 
5555 1900 8000 100 fold 
total pot: 1850 
/inquire 
send inquire msg to player 8888 
inquire/ 
5555 1900 8000 100 fold 
7777 1850 8000 50 fold 
4444 1950 8000 0 fold 
1111 2050 8000 850 check 
3333 1625 8000 0 fold 
2222 2000 8000 0 fold 
6666 1625 8000 0 fold 
8888 1150 8000 850 check 
total pot: 1850 
/inquire 
recv from player 8888: check

send inquire msg to player 6666 
inquire/ 
8888 1150 8000 850 check 
5555 1900 8000 100 fold 
7777 1850 8000 50 fold 
4444 1950 8000 0 fold 
1111 2050 8000 850 check 
3333 1625 8000 0 fold 
2222 2000 8000 0 fold 
6666 1625 8000 0 fold 
total pot: 1850 
/inquire 
send inquire msg to player 2222 
inquire/ 
6666 1625 8000 0 fold 
8888 1150 8000 850 check 
5555 1900 8000 100 fold 
7777 1850 8000 50 fold 
4444 1950 8000 0 fold 
1111 2050 8000 850 check 
3333 1625 8000 0 fold 
2222 2000 8000 0 fold 
total pot: 1850 
/inquire 
send inquire msg to player 3333 
inquire/ 
2222 2000 8000 0 fold 
6666 1625 8000 0 fold 
8888 1150 8000 850 check 
5555 1900 8000 100 fold 
7777 1850 8000 50 fold 
4444 1950 8000 0 fold 
1111 2050 8000 850 check 
3333 1625 8000 0 fold 
total pot: 1850 
/inquire 
send inquire msg to player 1111 
inquire/ 
3333 1625 8000 0 fold 
2222 2000 8000 0 fold 
6666 1625 8000 0 fold 
8888 1150 8000 850 check 
5555 1900 8000 100 fold 
7777 1850 8000 50 fold 
4444 1950 8000 0 fold 
1111 2050 8000 850 check 
total pot: 1850 
/inquire 
recv from player 1111: check


---show down---
showdown/ 
common/ 
SPADES 9 
DIAMONDS K 
SPADES 5 
SPADES A 
SPADES 2 
/common 
1: 8888 HEARTS 10 CLUBS 10 ONE_PAIR 
2: 1111 DIAMONDS Q DIAMONDS J HIGH_CARD 
/showdown 

---Allocate pot---
pot-win/ 
8888: 1850 
/pot-win 
it is player 7777's turn to be button

-----3 Hand-----

----- clean player data in socket -----
find residue data from player 5555: check
check
check

find residue data from player 6666: fold
check
check

find residue data from player 2222: fold
check
check

find residue data from player 3333: fold
check
check

find residue data from player 7777: check
raise 925
raise 925

seat/ 
button: 7777 1850 8000 
small blind: 5555 1900 8000 
big blind: 8888 3000 8000 
6666 1625 8000 
2222 2000 8000 
3333 1625 8000 
1111 2050 8000 
4444 1950 8000 
/seat 
blind/ 
5555: 50 
8888: 100 
/blind 
player 5555:hold/ 
SPADES Q 
SPADES 3 
/hold 
player 8888:hold/ 
CLUBS J 
DIAMONDS 3 
/hold 
player 6666:hold/ 
HEARTS 10 
CLUBS 10 
/hold 
player 2222:hold/ 
HEARTS 8 
DIAMONDS 6 
/hold 
player 3333:hold/ 
HEARTS 9 
HEARTS 2 
/hold 
player 1111:hold/ 
SPADES J 
DIAMONDS 10 
/hold 
player 4444:hold/ 
DIAMONDS Q 
DIAMONDS J 
/hold 
player 7777:hold/ 
HEARTS K 
HEARTS 4 
/hold 

---pre flop round bet---
valid player: 8, all in player: 0, fold player: 0
send inquire msg to player 6666 
inquire/ 
8888 2900 8000 100 blind 
5555 1850 8000 50 blind 
total pot: 150 
/inquire 
recv from player 6666: raise 375

send inquire msg to player 2222 
inquire/ 
6666 1150 8000 475 raise 
8888 2900 8000 100 blind 
5555 1850 8000 50 blind 
total pot: 625 
/inquire 
recv from player 2222: fold

send inquire msg to player 3333 
inquire/ 
2222 2000 8000 0 fold 
6666 1150 8000 475 raise 
8888 2900 8000 100 blind 
5555 1850 8000 50 blind 
total pot: 625 
/inquire 
recv from player 3333: fold

send inquire msg to player 1111 
inquire/ 
3333 1625 8000 0 fold 
2222 2000 8000 0 fold 
6666 1150 8000 475 raise 
8888 2900 8000 100 blind 
5555 1850 8000 50 blind 
total pot: 625 
/inquire 
recv from player 1111: fold

send inquire msg to player 4444 
inquire/ 
1111 2050 8000 0 fold 
3333 1625 8000 0 fold 
2222 2000 8000 0 fold 
6666 1150 8000 475 raise 
8888 2900 8000 100 blind 
5555 1850 8000 50 blind 
total pot: 625 
/inquire 
recv from player 4444: raise 300

send inquire msg to player 7777 
inquire/ 
4444 1100 8000 850 raise 
1111 2050 8000 0 fold 
3333 1625 8000 0 fold 
2222 2000 8000 0 fold 
6666 1150 8000 475 raise 
8888 2900 8000 100 blind 
5555 1850 8000 50 blind 
total pot: 1475 
/inquire 
recv from player 7777: fold

send inquire msg to player 5555 
inquire/ 
7777 1850 8000 0 fold 
4444 1100 8000 850 raise 
1111 2050 8000 0 fold 
3333 1625 8000 0 fold 
2222 2000 8000 0 fold 
6666 1150 8000 475 raise 
8888 2900 8000 100 blind 
5555 1850 8000 50 blind 
total pot: 1475 
/inquire 
recv from player 5555: fold

send inquire msg to player 8888 
inquire/ 
5555 1850 8000 50 fold 
7777 1850 8000 0 fold 
4444 1100 8000 850 raise 
1111 2050 8000 0 fold 
3333 1625 8000 0 fold 
2222 2000 8000 0 fold 
6666 1150 8000 475 raise 
8888 2900 8000 100 blind 
total pot: 1475 
/inquire 
recv from player 8888: fold

send inquire msg to player 6666 
inquire/ 
8888 2900 8000 100 fold 
5555 1850 8000 50 fold 
7777 1850 8000 0 fold 
4444 1100 8000 850 raise 
1111 2050 8000 0 fold 
3333 1625 8000 0 fold 
2222 2000 8000 0 fold 
6666 1150 8000 475 raise 
total pot: 1475 
/inquire 
recv from player 6666: call

flop/ 
SPADES 9 
DIAMONDS K 
SPADES 5 
/flop 

---flop round bet---
valid player: 8, all in player: 0, fold player: 6
send inquire msg to player 5555 
inquire/ 
7777 1850 8000 0 fold 
4444 1100 8000 850 raise 
1111 2050 8000 0 fold 
3333 1625 8000 0 fold 
2222 2000 8000 0 fold 
6666 775 8000 850 call 
8888 2900 8000 100 fold 
5555 1850 8000 50 fold 
total pot: 1850 
/inquire 
send inquire msg to player 8888 
inquire/ 
5555 1850 8000 50 fold 
7777 1850 8000 0 fold 
4444 1100 8000 850 raise 
1111 2050 8000 0 fold 
3333 1625 8000 0 fold 
2222 2000 8000 0 fold 
6666 775 8000 850 call 
8888 2900 8000 100 fold 
total pot: 1850 
/inquire 
send inquire msg to player 6666 
inquire/ 
8888 2900 8000 100 fold 
5555 1850 8000 50 fold 
7777 1850 8000 0 fold 
4444 1100 8000 850 raise 
1111 2050 8000 0 fold 
3333 1625 8000 0 fold 
2222 2000 8000 0 fold 
6666 775 8000 850 call 
total pot: 1850 
/inquire 
recv from player 6666: check

send inquire msg to player 2222 
inquire/ 
6666 775 8000 850 check 
8888 2900 8000 100 fold 
5555 1850 8000 50 fold 
7777 1850 8000 0 fold 
4444 1100 8000 850 raise 
1111 2050 8000 0 fold 
3333 1625 8000 0 fold 
2222 2000 8000 0 fold 
total pot: 1850 
/inquire 
send inquire msg to player 3333 
inquire/ 
2222 2000 8000 0 fold 
6666 775 8000 850 check 
8888 2900 8000 100 fold 
5555 1850 8000 50 fold 
7777 1850 8000 0 fold 
4444 1100 8000 850 raise 
1111 2050 8000 0 fold 
3333 1625 8000 0 fold 
total pot: 1850 
/inquire 
send inquire msg to player 1111 
inquire/ 
3333 1625 8000 0 fold 
2222 2000 8000 0 fold 
6666 775 8000 850 check 
8888 2900 8000 100 fold 
5555 1850 8000 50 fold 
7777 1850 8000 0 fold 
4444 1100 8000 850 raise 
1111 2050 8000 0 fold 
total pot: 1850 
/inquire 
send inquire msg to player 4444 
inquire/ 
1111 2050 8000 0 fold 
3333 1625 8000 0 fold 
2222 2000 8000 0 fold 
6666 775 8000 850 check 
8888 2900 8000 100 fold 
5555 1850 8000 50 fold 
7777 1850 8000 0 fold 
4444 1100 8000 850 raise 
total pot: 1850 
/inquire 
recv from player 4444: check

turn/ 
SPADES A 
/turn 

---turn round bet---
valid player: 8, all in player: 0, fold player: 6
send inquire msg to player 5555 
inquire/ 
7777 1850 8000 0 fold 
4444 1100 8000 850 check 
1111 2050 8000 0 fold 
3333 1625 8000 0 fold 
2222 2000 8000 0 fold 
6666 775 8000 850 check 
8888 2900 8000 100 fold 
5555 1850 8000 50 fold 
total pot: 1850 
/inquire 
send inquire msg to player 8888 
inquire/ 
5555 1850 8000 50 fold 
7777 1850 8000 0 fold 
4444 1100 8000 850 check 
1111 2050 8000 0 fold 
3333 1625 8000 0 fold 
2222 2000 8000 0 fold 
6666 775 8000 850 check 
8888 2900 8000 100 fold 
total pot: 1850 
/inquire 
send inquire msg to player 6666 
inquire/ 
8888 2900 8000 100 fold 
5555 1850 8000 50 fold 
7777 1850 8000 0 fold 
4444 1100 8000 850 check 
1111 2050 8000 0 fold 
3333 1625 8000 0 fold 
2222 2000 8000 0 fold 
6666 775 8000 850 check 
total pot: 1850 
/inquire 
recv from player 6666: check

send inquire msg to player 2222 
inquire/ 
6666 775 8000 850 check 
8888 2900 8000 100 fold 
5555 1850 8000 50 fold 
7777 1850 8000 0 fold 
4444 1100 8000 850 check 
1111 2050 8000 0 fold 
3333 1625 8000 0 fold 
2222 2000 8000 0 fold 
total pot: 1850 
/inquire 
send inquire msg to player 3333 
inquire/ 
2222 2000 8000 0 fold 
6666 775 8000 850 check 
8888 2900 8000 100 fold 
5555 1850 8000 50 fold 
7777 1850 8000 0 fold 
4444 1100 8000 850 check 
1111 2050 8000 0 fold 
3333 1625 8000 0 fold 
total pot: 1850 
/inquire 
send inquire msg to player 1111 
inquire/ 
3333 1625 8000 0 fold 
2222 2000 8000 0 fold 
6666 775 8000 850 check 
8888 2900 8000 100 fold 
5555 1850 8000 50 fold 
7777 1850 8000 0 fold 
4444 1100 8000 850 check 
1111 2050 8000 0 fold 
total pot: 1850 
/inquire 
send inquire msg to player 4444 
inquire/ 
1111 2050 8000 0 fold 
3333 1625 8000 0 fold 
2222 2000 8000 0 fold 
6666 775 8000 850 check 
8888 2900 8000 100 fold 
5555 1850 8000 50 fold 
7777 1850 8000 0 fold 
4444 1100 8000 850 check 
total pot: 1850 
/inquire 
recv from player 4444: check

river/ 
SPADES 2 
/river 

---river round bet---
valid player: 8, all in player: 0, fold player: 6
send inquire msg to player 5555 
inquire/ 
7777 1850 8000 0 fold 
4444 1100 8000 850 check 
1111 2050 8000 0 fold 
3333 1625 8000 0 fold 
2222 2000 8000 0 fold 
6666 775 8000 850 check 
8888 2900 8000 100 fold 
5555 1850 8000 50 fold 
total pot: 1850 
/inquire 
send inquire msg to player 8888 
inquire/ 
5555 1850 8000 50 fold 
7777 1850 8000 0 fold 
4444 1100 8000 850 check 
1111 2050 8000 0 fold 
3333 1625 8000 0 fold 
2222 2000 8000 0 fold 
6666 775 8000 850 check 
8888 2900 8000 100 fold 
total pot: 1850 
/inquire 
send inquire msg to player 6666 
inquire/ 
8888 2900 8000 100 fold 
5555 1850 8000 50 fold 
7777 1850 8000 0 fold 
4444 1100 8000 850 check 
1111 2050 8000 0 fold 
3333 1625 8000 0 fold 
2222 2000 8000 0 fold 
6666 775 8000 850 check 
total pot: 1850 
/inquire 
recv from player 6666: check

send inquire msg to player 2222 
inquire/ 
6666 775 8000 850 check 
8888 2900 8000 100 fold 
5555 1850 8000 50 fold 
7777 1850 8000 0 fold 
4444 1100 8000 850 check 
1111 2050 8000 0 fold 
3333 1625 8000 0 fold 
2222 2000 8000 0 fold 
total pot: 1850 
/inquire 
send inquire msg to player 3333 
inquire/ 
2222 2000 8000 0 fold 
6666 775 8000 850 check 
8888 2900 8000 100 fold 
5555 1850 8000 50 fold 
7777 1850 8000 0 fold 
4444 1100 8000 850 check 
1111 2050 8000 0 fold 
3333 1625 8000 0 fold 
total pot: 1850 
/inquire 
send inquire msg to player 1111 
inquire/ 
3333 1625 8000 0 fold 
2222 2000 8000 0 fold 
6666 775 8000 850 check 
8888 2900 8000 100 fold 
5555 1850 8000 50 fold 
7777 1850 8000 0 fold 
4444 1100 8000 850 check 
1111 2050 8000 0 fold 
total pot: 1850 
/inquire 
send inquire msg to player 4444 
inquire/ 
1111 2050 8000 0 fold 
3333 1625 8000 0 fold 
2222 2000 8000 0 fold 
6666 775 8000 850 check 
8888 2900 8000 100 fold 
5555 1850 8000 50 fold 
7777 1850 8000 0 fold 
4444 1100 8000 850 check 
total pot: 1850 
/inquire 
recv from player 4444: check


---show down---
showdown/ 
common/ 
SPADES 9 
DIAMONDS K 
SPADES 5 
SPADES A 
SPADES 2 
/common 
1: 6666 HEARTS 10 CLUBS 10 ONE_PAIR 
2: 4444 DIAMONDS Q DIAMONDS J HIGH_CARD 
/showdown 

---Allocate pot---
pot-win/ 
6666: 1850 
/pot-win 
it is player 5555's turn to be button

-----4 Hand-----

----- clean player data in socket -----
find residue data from player 8888: check
check
check

find residue data from player 2222: fold
check
check

find residue data from player 3333: fold
check
check

find residue data from player 1111: fold
check
check

find residue data from player 5555: check
raise 925
raise 925

seat/ 
button: 5555 1850 8000 
small blind: 8888 2900 8000 
big blind: 6666 2625 8000 
2222 2000 8000 
3333 1625 8000 
1111 2050 8000 
4444 1100 8000 
7777 1850 8000 
/seat 
blind/ 
8888: 50 
6666: 100 
/blind 
player 8888:hold/ 
SPADES Q 
SPADES 3 
/hold 
player 6666:hold/ 
CLUBS J 
DIAMONDS 3 
/hold 
player 2222:hold/ 
HEARTS 10 
CLUBS 10 
/hold 
player 3333:hold/ 
HEARTS 8 
DIAMONDS 6 
/hold 
player 1111:hold/ 
HEARTS 9 
HEARTS 2 
/hold 
player 4444:hold/ 
SPADES J 
DIAMONDS 10 
/hold 
player 7777:hold/ 
DIAMONDS Q 
DIAMONDS J 
/hold 
player 5555:hold/ 
HEARTS K 
HEARTS 4 
/hold 

---pre flop round bet---
valid player: 8, all in player: 0, fold player: 0
send inquire msg to player 2222 
inquire/ 
6666 2525 8000 100 blind 
8888 2850 8000 50 blind 
total pot: 150 
/inquire 
recv from player 2222: raise 375

send inquire msg to player 3333 
inquire/ 
2222 1525 8000 475 raise 
6666 2525 8000 100 blind 
8888 2850 8000 50 blind 
total pot: 625 
/inquire 
recv from player 3333: fold

send inquire msg to player 1111 
inquire/ 
3333 1625 8000 0 fold 
2222 1525 8000 475 raise 
6666 2525 8000 100 blind 
8888 2850 8000 50 blind 
total pot: 625 
/inquire 
recv from player 1111: fold

send inquire msg to player 4444 
inquire/ 
1111 2050 8000 0 fold 
3333 1625 8000 0 fold 
2222 1525 8000 475 raise 
6666 2525 8000 100 blind 
8888 2850 8000 50 blind 
total pot: 625 
/inquire 
recv from player 4444: fold

send inquire msg to player 7777 
inquire/ 
4444 1100 8000 0 fold 
1111 2050 8000 0 fold 
3333 1625 8000 0 fold 
2222 1525 8000 475 raise 
6666 2525 8000 100 blind 
8888 2850 8000 50 blind 
total pot: 625 
/inquire 
recv from player 7777: raise 300

send inquire msg to player 5555 
inquire/ 
7777 1000 8000 850 raise 
4444 1100 8000 0 fold 
1111 2050 8000 0 fold 
3333 1625 8000 0 fold 
2222 1525 8000 475 raise 
6666 2525 8000 100 blind 
8888 2850 8000 50 blind 
total pot: 1475 
/inquire 
recv from player 5555: fold

send inquire msg to player 8888 
inquire/ 
5555 1850 8000 0 fold 
7777 1000 8000 850 raise 
4444 1100 8000 0 fold 
1111 2050 8000 0 fold 
3333 1625 8000 0 fold 
2222 1525 8000 475 raise 
6666 2525 8000 100 blind 
8888 2850 8000 50 blind 
total pot: 1475 
/inquire 
recv from player 8888: fold

send inquire msg to player 6666 
inquire/ 
8888 2850 8000 50 fold 
5555 1850 8000 0 fold 
7777 1000 8000 850 raise 
4444 1100 8000 0 fold 
1111 2050 8000 0 fold 
3333 1625 8000 0 fold 
2222 1525 8000 475 raise 
6666 2525 8000 100 blind 
total pot: 1475 
/inquire 
recv from player 6666: fold

send inquire msg to player 2222 
inquire/ 
6666 2525 8000 100 fold 
8888 2850 8000 50 fold 
5555 1850 8000 0 fold 
7777 1000 8000 850 raise 
4444 1100 8000 0 fold 
1111 2050 8000 0 fold 
3333 1625 8000 0 fold 
2222 1525 8000 475 raise 
total pot: 1475 
/inquire 
recv from player 2222: call

flop/ 
SPADES 9 
DIAMONDS K 
SPADES 5 
/flop 

---flop round bet---
valid player: 8, all in player: 0, fold player: 6
send inquire msg to player 8888 
inquire/ 
5555 1850 8000 0 fold 
7777 1000 8000 850 raise 
4444 1100 8000 0 fold 
1111 2050 8000 0 fold 
3333 1625 8000 0 fold 
2222 1150 8000 850 call 
6666 2525 8000 100 fold 
8888 2850 8000 50 fold 
total pot: 1850 
/inquire 
send inquire msg to player 6666 
inquire/ 
8888 2850 8000 50 fold 
5555 1850 8000 0 fold 
7777 1000 8000 850 raise 
4444 1100 8000 0 fold 
1111 2050 8000 0 fold 
3333 1625 8000 0 fold 
2222 1150 8000 850 call 
6666 2525 8000 100 fold 
total pot: 1850 
/inquire 
send inquire msg to player 2222 
inquire/ 
6666 2525 8000 100 fold 
8888 2850 8000 50 fold 
5555 1850 8000 0 fold 
7777 1000 8000 850 raise 
4444 1100 8000 0 fold 
1111 2050 8000 0 fold 
3333 1625 8000 0 fold 
2222 1150 8000 850 call 
total pot: 1850 
/inquire 
recv from player 2222: check

send inquire msg to player 3333 
inquire/ 
2222 1150 8000 850 check 
6666 2525 8000 100 fold 
8888 2850 8000 50 fold 
5555 1850 8000 0 fold 
7777 1000 8000 850 raise 
4444 1100 8000 0 fold 
1111 2050 8000 0 fold 
3333 1625 8000 0 fold 
total pot: 1850 
/inquire 
send inquire msg to player 1111 
inquire/ 
3333 1625 8000 0 fold 
2222 1150 8000 850 check 
6666 2525 8000 100 fold 
8888 2850 8000 50 fold 
5555 1850 8000 0 fold 
7777 1000 8000 850 raise 
4444 1100 8000 0 fold 
1111 2050 8000 0 fold 
total pot: 1850 
/inquire 
send inquire msg to player 4444 
inquire/ 
1111 2050 8000 0 fold 
3333 1625 8000 0 fold 
2222 1150 8000 850 check 
6666 2525 8000 100 fold 
8888 2850 8000 50 fold 
5555 1850 8000 0 fold 
7777 1000 8000 850 raise 
4444 1100 8000 0 fold 
total pot: 1850 
/inquire 
send inquire msg to player 7777 
inquire/ 
4444 1100 8000 0 fold 
1111 2050 8000 0 fold 
3333 1625 8000 0 fold 
2222 1150 8000 850 check 
6666 2525 8000 100 fold 
8888 2850 8000 50 fold 
5555 1850 8000 0 fold 
7777 1000 8000 850 raise 
total pot: 1850 
/inquire 
recv from player 7777: check

turn/ 
SPADES A 
/turn 

---turn round bet---
valid player: 8, all in player: 0, fold player: 6
send inquire msg to player 8888 
inquire/ 
5555 1850 8000 0 fold 
7777 1000 8000 850 check 
4444 1100 8000 0 fold 
1111 2050 8000 0 fold 
3333 1625 8000 0 fold 
2222 1150 8000 850 check 
6666 2525 8000 100 fold 
8888 2850 8000 50 fold 
total pot: 1850 
/inquire 
send inquire msg to player 6666 
inquire/ 
8888 2850 8000 50 fold 
5555 1850 8000 0 fold 
7777 1000 8000 850 check 
4444 1100 8000 0 fold 
1111 2050 8000 0 fold 
3333 1625 8000 0 fold 
2222 1150 8000 850 check 
6666 2525 8000 100 fold 
total pot: 1850 
/inquire 
send inquire msg to player 2222 
inquire/ 
6666 2525 8000 100 fold 
8888 2850 8000 50 fold 
5555 1850 8000 0 fold 
7777 1000 8000 850 check 
4444 1100 8000 0 fold 
1111 2050 8000 0 fold 
3333 1625 8000 0 fold 
2222 1150 8000 850 check 
total pot: 1850 
/inquire 
recv from player 2222: check

send inquire msg to player 3333 
inquire/ 
2222 1150 8000 850 check 
6666 2525 8000 100 fold 
8888 2850 8000 50 fold 
5555 1850 8000 0 fold 
7777 1000 8000 850 check 
4444 1100 8000 0 fold 
1111 2050 8000 0 fold 
3333 1625 8000 0 fold 
total pot: 1850 
/inquire 
send inquire msg to player 1111 
inquire/ 
3333 1625 8000 0 fold 
2222 1150 8000 850 check 
6666 2525 8000 100 fold 
8888 2850 8000 50 fold 
5555 1850 8000 0 fold 
7777 1000 8000 850 check 
4444 1100 8000 0 fold 
1111 2050 8000 0 fold 
total pot: 1850 
/inquire 
send inquire msg to player 4444 
inquire/ 
1111 2050 8000 0 fold 
3333 1625 8000 0 fold 
2222 1150 8000 850 check 
6666 2525 8000 100 fold 
8888 2850 8000 50 fold 
5555 1850 8000 0 fold 
7777 1000 8000 850 check 
4444 1100 8000 0 fold 
total pot: 1850 
/inquire 
send inquire msg to player 7777 
inquire/ 
4444 1100 8000 0 fold 
1111 2050 8000 0 fold 
3333 1625 8000 0 fold 
2222 1150 8000 850 check 
6666 2525 8000 100 fold 
8888 2850 8000 50 fold 
5555 1850 8000 0 fold 
7777 1000 8000 850 check 
total pot: 1850 
/inquire 
recv from player 7777: check

river/ 
SPADES 2 
/river 

---river round bet---
valid player: 8, all in player: 0, fold player: 6
send inquire msg to player 8888 
inquire/ 
5555 1850 8000 0 fold 
7777 1000 8000 850 check 
4444 1100 8000 0 fold 
1111 2050 8000 0 fold 
3333 1625 8000 0 fold 
2222 1150 8000 850 check 
6666 2525 8000 100 fold 
8888 2850 8000 50 fold 
total pot: 1850 
/inquire 
send inquire msg to player 6666 
inquire/ 
8888 2850 8000 50 fold 
5555 1850 8000 0 fold 
7777 1000 8000 850 check 
4444 1100 8000 0 fold 
1111 2050 8000 0 fold 
3333 1625 8000 0 fold 
2222 1150 8000 850 check 
6666 2525 8000 100 fold 
total pot: 1850 
/inquire 
send inquire msg to player 2222 
inquire/ 
6666 2525 8000 100 fold 
8888 2850 8000 50 fold 
5555 1850 8000 0 fold 
7777 1000 8000 850 check 
4444 1100 8000 0 fold 
1111 2050 8000 0 fold 
3333 1625 8000 0 fold 
2222 1150 8000 850 check 
total pot: 1850 
/inquire 
recv from player 2222: check

send inquire msg to player 3333 
inquire/ 
2222 1150 8000 850 check 
6666 2525 8000 100 fold 
8888 2850 8000 50 fold 
5555 1850 8000 0 fold 
7777 1000 8000 850 check 
4444 1100 8000 0 fold 
1111 2050 8000 0 fold 
3333 1625 8000 0 fold 
total pot: 1850 
/inquire 
send inquire msg to player 1111 
inquire/ 
3333 1625 8000 0 fold 
2222 1150 8000 850 check 
6666 2525 8000 100 fold 
8888 2850 8000 50 fold 
5555 1850 8000 0 fold 
7777 1000 8000 850 check 
4444 1100 8000 0 fold 
1111 2050 8000 0 fold 
total pot: 1850 
/inquire 
send inquire msg to player 4444 
inquire/ 
1111 2050 8000 0 fold 
3333 1625 8000 0 fold 
2222 1150 8000 850 check 
6666 2525 8000 100 fold 
8888 2850 8000 50 fold 
5555 1850 8000 0 fold 
7777 1000 8000 850 check 
4444 1100 8000 0 fold 
total pot: 1850 
/inquire 
send inquire msg to player 7777 
inquire/ 
4444 1100 8000 0 fold 
1111 2050 8000 0 fold 
3333 1625 8000 0 fold 
2222 1150 8000 850 check 
6666 2525 8000 100 fold 
8888 2850 8000 50 fold 
5555 1850 8000 0 fold 
7777 1000 8000 850 check 
total pot: 1850 
/inquire 
recv from player 7777: check


---show down---
showdown/ 
common/ 
SPADES 9 
DIAMONDS K 
SPADES 5 
SPADES A 
SPADES 2 
/common 
1: 2222 HEARTS 10 CLUBS 10 ONE_PAIR 
2: 7777 DIAMONDS Q DIAMONDS J HIGH_CARD 
/showdown 

---Allocate pot---
pot-win/ 
2222: 1850 
/pot-win 
it is player 8888's turn to be button

-----5 Hand-----

----- clean player data in socket -----
find residue data from player 6666: check
check
check

find residue data from player 3333: fold
check
check

find residue data from player 1111: fold
check
check

find residue data from player 4444: fold
check
check

find residue data from player 8888: check
raise 925
raise 925

seat/ 
button: 8888 2850 8000 
small blind: 6666 2525 8000 
big blind: 2222 3000 8000 
3333 1625 8000 
1111 2050 8000 
4444 1100 8000 
7777 1000 8000 
5555 1850 8000 
/seat 
blind/ 
6666: 50 
2222: 100 
/blind 
player 6666:hold/ 
SPADES Q 
SPADES 3 
/hold 
player 2222:hold/ 
CLUBS J 
DIAMONDS 3 
/hold 
player 3333:hold/ 
HEARTS 10 
CLUBS 10 
/hold 
player 1111:hold/ 
HEARTS 8 
DIAMONDS 6 
/hold 
player 4444:hold/ 
HEARTS 9 
HEARTS 2 
/hold 
player 7777:hold/ 
SPADES J 
DIAMONDS 10 
/hold 
player 5555:hold/ 
DIAMONDS Q 
DIAMONDS J 
/hold 
player 8888:hold/ 
HEARTS K 
HEARTS 4 
/hold 

---pre flop round bet---
valid player: 8, all in player: 0, fold player: 0
send inquire msg to player 3333 
inquire/ 
2222 2900 8000 100 blind 
6666 2475 8000 50 blind 
total pot: 150 
/inquire 
recv from player 3333: raise 375

send inquire msg to player 1111 
inquire/ 
3333 1150 8000 475 raise 
2222 2900 8000 100 blind 
6666 2475 8000 50 blind 
total pot: 625 
/inquire 
recv from player 1111: fold

send inquire msg to player 4444 
inquire/ 
1111 2050 8000 0 fold 
3333 1150 8000 475 raise 
2222 2900 8000 100 blind 
6666 2475 8000 50 blind 
total pot: 625 
/inquire 
recv from player 4444: fold

send inquire msg to player 7777 
inquire/ 
4444 1100 8000 0 fold 
1111 2050 8000 0 fold 
3333 1150 8000 475 raise 
2222 2900 8000 100 blind 
6666 2475 8000 50 blind 
total pot: 625 
/inquire 
recv from player 7777: fold

send inquire msg to player 5555 
inquire/ 
7777 1000 8000 0 fold 
4444 1100 8000 0 fold 
1111 2050 8000 0 fold 
3333 1150 8000 475 raise 
2222 2900 8000 100 blind 
6666 2475 8000 50 blind 
total pot: 625 
/inquire 
recv from player 5555: raise 300

send inquire msg to player 8888 
inquire/ 
5555 1000 8000 850 raise 
7777 1000 8000 0 fold 
4444 1100 8000 0 fold 
1111 2050 8000 0 fold 
3333 1150 8000 475 raise 
2222 2900 8000 100 blind 
6666 2475 8000 50 blind 
total pot: 1475 
/inquire 
recv from player 8888: fold

send inquire msg to player 6666 
inquire/ 
8888 2850 8000 0 fold 
5555 1000 8000 850 raise 
7777 1000 8000 0 fold 
4444 1100 8000 0 fold 
1111 2050 8000 0 fold 
3333 1150 8000 475 raise 
2222 2900 8000 100 blind 
6666 2475 8000 50 blind 
total pot: 1475 
/inquire 
recv from player 6666: fold

send inquire msg to player 2222 
inquire/ 
6666 2475 8000 50 fold 
8888 2850 8000 0 fold 
5555 1000 8000 850 raise 
7777 1000 8000 0 fold 
4444 1100 8000 0 fold 
1111 2050 8000 0 fold 
3333 1150 8000 475 raise 
2222 2900 8000 100 blind 
total pot: 1475 
/inquire 
recv from player 2222: fold

send inquire msg to player 3333 
inquire/ 
2222 2900 8000 100 fold 
6666 2475 8000 50 fold 
8888 2850 8000 0 fold 
5555 1000 8000 850 raise 
7777 1000 8000 0 fold 
4444 1100 8000 0 fold 
1111 2050 8000 0 fold 
3333 1150 8000 475 raise 
total pot: 1475 
/inquire 
recv from player 3333: call

flop/ 
SPADES 9 
DIAMONDS K 
SPADES 5 
/flop 

---flop round bet---
valid player: 8, all in player: 0, fold player: 6
send inquire msg to player 6666 
inquire/ 
8888 2850 8000 0 fold 
5555 1000 8000 850 raise 
7777 1000 8000 0 fold 
4444 1100 8000 0 fold 
1111 2050 8000 0 fold 
3333 775 8000 850 call 
2222 2900 8000 100 fold 
6666 2475 8000 50 fold 
total pot: 1850 
/inquire 
send inquire msg to player 2222 
inquire/ 
6666 2475 8000 50 fold 
8888 2850 8000 0 fold 
5555 1000 8000 850 raise 
7777 1000 8000 0 fold 
4444 1100 8000 0 fold 
1111 2050 8000 0 fold 
3333 775 8000 850 call 
2222 2900 8000 100 fold 
total pot: 1850 
/inquire 
send inquire msg to player 3333 
inquire/ 
2222 2900 8000 100 fold 
6666 2475 8000 50 fold 
8888 2850 8000 0 fold 
5555 1000 8000 850 raise 
7777 1000 8000 0 fold 
4444 1100 8000 0 fold 
1111 2050 8000 0 fold 
3333 775 8000 850 call 
total pot: 1850 
/inquire 
recv from player 3333: check

send inquire msg to player 1111 
inquire/ 
3333 775 8000 850 check 
2222 2900 8000 100 fold 
6666 2475 8000 50 fold 
8888 2850 8000 0 fold 
5555 1000 8000 850 raise 
7777 1000 8000 0 fold 
4444 1100 8000 0 fold 
1111 2050 8000 0 fold 
total pot: 1850 
/inquire 
send inquire msg to player 4444 
inquire/ 
1111 2050 8000 0 fold 
3333 775 8000 850 check 
2222 2900 8000 100 fold 
6666 2475 8000 50 fold 
8888 2850 8000 0 fold 
5555 1000 8000 850 raise 
7777 1000 8000 0 fold 
4444 1100 8000 0 fold 
total pot: 1850 
/inquire 
send inquire msg to player 7777 
inquire/ 
4444 1100 8000 0 fold 
1111 2050 8000 0 fold 
3333 775 8000 850 check 
2222 2900 8000 100 fold 
6666 2475 8000 50 fold 
8888 2850 8000 0 fold 
5555 1000 8000 850 raise 
7777 1000 8000 0 fold 
total pot: 1850 
/inquire 
send inquire msg to player 5555 
inquire/ 
7777 1000 8000 0 fold 
4444 1100 8000 0 fold 
1111 2050 8000 0 fold 
3333 775 8000 850 check 
2222 2900 8000 100 fold 
6666 2475 8000 50 fold 
8888 2850 8000 0 fold 
5555 1000 8000 850 raise 
total pot: 1850 
/inquire 
recv from player 5555: check

turn/ 
SPADES A 
/turn 

---turn round bet---
valid player: 8, all in player: 0, fold player: 6
send inquire msg to player 6666 
inquire/ 
8888 2850 8000 0 fold 
5555 1000 8000 850 check 
7777 1000 8000 0 fold 
4444 1100 8000 0 fold 
1111 2050 8000 0 fold 
3333 775 8000 850 check 
2222 2900 8000 100 fold 
6666 2475 8000 50 fold 
total pot: 1850 
/inquire 
send inquire msg to player 2222 
inquire/ 
6666 2475 8000 50 fold 
8888 2850 8000 0 fold 
5555 1000 8000 850 check 
7777 1000 8000 0 fold 
4444 1100 8000 0 fold 
1111 2050 8000 0 fold 
3333 775 8000 850 check 
2222 2900 8000 100 fold 
total pot: 1850 
/inquire 
send inquire msg to player 3333 
inquire/ 
2222 2900 8000 100 fold 
6666 2475 8000 50 fold 
8888 2850 8000 0 fold 
5555 1000 8000 850 check 
7777 1000 8000 0 fold 
4444 1100 8000 0 fold 
1111 2050 8000 0 fold 
3333 775 8000 850 check 
total pot: 1850 
/inquire 
recv from player 3333: check

send inquire msg to player 1111 
inquire/ 
3333 775 8000 850 check 
2222 2900 8000 100 fold 
6666 2475 8000 50 fold 
8888 2850 8000 0 fold 
5555 1000 8000 850 check 
7777 1000 8000 0 fold 
4444 1100 8000 0 fold 
1111 2050 8000 0 fold 
total pot: 1850 
/inquire 
send inquire msg to player 4444 
inquire/ 
1111 2050 8000 0 fold 
3333 775 8000 850 check 
2222 2900 8000 100 fold 
6666 2475 8000 50 fold 
8888 2850 8000 0 fold 
5555 1000 8000 850 check 
7777 1000 8000 0 fold 
4444 1100 8000 0 fold 
total pot: 1850 
/inquire 
send inquire msg to player 7777 
inquire/ 
4444 1100 8000 0 fold 
1111 2050 8000 0 fold 
3333 775 8000 850 check 
2222 2900 8000 100 fold 
6666 2475 8000 50 fold 
8888 2850 8000 0 fold 
5555 1000 8000 850 check 
7777 1000 8000 0 fold 
total pot: 1850 
/inquire 
send inquire msg to player 5555 
inquire/ 
7777 1000 8000 0 fold 
4444 1100 8000 0 fold 
1111 2050 8000 0 fold 
3333 775 8000 850 check 
2222 2900 8000 100 fold 
6666 2475 8000 50 fold 
8888 2850 8000 0 fold 
5555 1000 8000 850 check 
total pot: 1850 
/inquire 
recv from player 5555: check

river/ 
SPADES 2 
/river 

---river round bet---
valid player: 8, all in player: 0, fold player: 6
send inquire msg to player 6666 
inquire/ 
