

---GAME START @ 2015-5-14-16-35-31---
reg: 1111 DSNJU 
reg: 5555 DSNJU 
reg: 8888 DSNJU 
reg: 7777 DSNJU 
reg: 4444 DSNJU 
reg: 2222 DSNJU 
reg: 3333 DSNJU 
reg: 6666 DSNJU 

-----1 Hand-----

----- clean player data in socket -----
seat/ 
button: 7777 2000 8000 
small blind: 3333 2000 8000 
big blind: 6666 2000 8000 
4444 2000 8000 
5555 2000 8000 
1111 2000 8000 
8888 2000 8000 
2222 2000 8000 
/seat 
blind/ 
3333: 50 
6666: 100 
/blind 
player 3333:hold/ 
SPADES K 
SPADES 5 
/hold 
player 6666:hold/ 
DIAMONDS J 
HEARTS K 
/hold 
player 4444:hold/ 
CLUBS K 
DIAMONDS K 
/hold 
player 5555:hold/ 
HEARTS 9 
DIAMONDS 5 
/hold 
player 1111:hold/ 
CLUBS 10 
CLUBS 7 
/hold 
player 8888:hold/ 
CLUBS 3 
DIAMONDS 7 
/hold 
player 2222:hold/ 
SPADES J 
DIAMONDS 2 
/hold 
player 7777:hold/ 
HEARTS A 
HEARTS 2 
/hold 

---pre flop round bet---
valid player: 8, all in player: 0, fold player: 0
send inquire msg to player 4444 
inquire/ 
6666 1900 8000 100 blind 
3333 1950 8000 50 blind 
total pot: 150 
/inquire 
recv from player 4444: raise 350

send inquire msg to player 5555 
inquire/ 
4444 1550 8000 450 raise 
6666 1900 8000 100 blind 
3333 1950 8000 50 blind 
total pot: 600 
/inquire 
recv from player 5555: fold

send inquire msg to player 1111 
inquire/ 
5555 2000 8000 0 fold 
4444 1550 8000 450 raise 
6666 1900 8000 100 blind 
3333 1950 8000 50 blind 
total pot: 600 
/inquire 
recv from player 1111: fold

send inquire msg to player 8888 
inquire/ 
1111 2000 8000 0 fold 
5555 2000 8000 0 fold 
4444 1550 8000 450 raise 
6666 1900 8000 100 blind 
3333 1950 8000 50 blind 
total pot: 600 
/inquire 
recv from player 8888: fold

send inquire msg to player 2222 
inquire/ 
8888 2000 8000 0 fold 
1111 2000 8000 0 fold 
5555 2000 8000 0 fold 
4444 1550 8000 450 raise 
6666 1900 8000 100 blind 
3333 1950 8000 50 blind 
total pot: 600 
/inquire 
recv from player 2222: fold

send inquire msg to player 7777 
inquire/ 
2222 2000 8000 0 fold 
8888 2000 8000 0 fold 
1111 2000 8000 0 fold 
5555 2000 8000 0 fold 
4444 1550 8000 450 raise 
6666 1900 8000 100 blind 
3333 1950 8000 50 blind 
total pot: 600 
/inquire 
recv from player 7777: fold

send inquire msg to player 3333 
inquire/ 
7777 2000 8000 0 fold 
2222 2000 8000 0 fold 
8888 2000 8000 0 fold 
1111 2000 8000 0 fold 
5555 2000 8000 0 fold 
4444 1550 8000 450 raise 
6666 1900 8000 100 blind 
3333 1950 8000 50 blind 
total pot: 600 
/inquire 
recv from player 3333: fold

send inquire msg to player 6666 
inquire/ 
3333 1950 8000 50 fold 
7777 2000 8000 0 fold 
2222 2000 8000 0 fold 
8888 2000 8000 0 fold 
1111 2000 8000 0 fold 
5555 2000 8000 0 fold 
4444 1550 8000 450 raise 
6666 1900 8000 100 blind 
total pot: 600 
/inquire 
recv from player 6666: check

flop/ 
CLUBS 4 
DIAMONDS 4 
HEARTS 10 
/flop 

---flop round bet---
valid player: 8, all in player: 0, fold player: 6
send inquire msg to player 3333 
inquire/ 
7777 2000 8000 0 fold 
2222 2000 8000 0 fold 
8888 2000 8000 0 fold 
1111 2000 8000 0 fold 
5555 2000 8000 0 fold 
4444 1550 8000 450 raise 
6666 1550 8000 450 call 
3333 1950 8000 50 fold 
total pot: 950 
/inquire 
send inquire msg to player 6666 
inquire/ 
3333 1950 8000 50 fold 
7777 2000 8000 0 fold 
2222 2000 8000 0 fold 
8888 2000 8000 0 fold 
1111 2000 8000 0 fold 
5555 2000 8000 0 fold 
4444 1550 8000 450 raise 
6666 1550 8000 450 call 
total pot: 950 
/inquire 
recv from player 6666: fold

send inquire msg to player 4444 
inquire/ 
6666 1550 8000 450 fold 
3333 1950 8000 50 fold 
7777 2000 8000 0 fold 
2222 2000 8000 0 fold 
8888 2000 8000 0 fold 
1111 2000 8000 0 fold 
5555 2000 8000 0 fold 
4444 1550 8000 450 raise 
total pot: 950 
/inquire 
recv from player 4444: raise 1375


---turn round bet---
valid player: 8, all in player: 0, fold player: 7

---river round bet---
valid player: 8, all in player: 0, fold player: 7

--- 1 players not fold, don't need show down---

---Allocate pot---
Only player at seat 2 not fold, win all the pot 2325
pot-win/ 
4444: 2325 
/pot-win 
it is player 3333's turn to be button

-----2 Hand-----

----- clean player data in socket -----
find residue data from player 3333: fold

seat/ 
button: 3333 1950 8000 
small blind: 6666 1550 8000 
big blind: 4444 2500 8000 
5555 2000 8000 
1111 2000 8000 
8888 2000 8000 
2222 2000 8000 
7777 2000 8000 
/seat 
blind/ 
6666: 50 
4444: 100 
/blind 
player 6666:hold/ 
DIAMONDS J 
DIAMONDS 10 
/hold 
player 4444:hold/ 
SPADES 2 
DIAMONDS 9 
/hold 
player 5555:hold/ 
DIAMONDS K 
CLUBS 5 
/hold 
player 1111:hold/ 
CLUBS K 
CLUBS 7 
/hold 
player 8888:hold/ 
SPADES 8 
HEARTS 8 
/hold 
player 2222:hold/ 
SPADES 7 
DIAMONDS 2 
/hold 
player 7777:hold/ 
HEARTS 3 
DIAMONDS 3 
/hold 
player 3333:hold/ 
HEARTS 6 
HEARTS 9 
/hold 

---pre flop round bet---
valid player: 8, all in player: 0, fold player: 0
send inquire msg to player 5555 
inquire/ 
4444 2400 8000 100 blind 
6666 1500 8000 50 blind 
total pot: 150 
/inquire 
recv from player 5555: fold

send inquire msg to player 1111 
inquire/ 
5555 2000 8000 0 fold 
4444 2400 8000 100 blind 
6666 1500 8000 50 blind 
total pot: 150 
/inquire 
recv from player 1111: fold

send inquire msg to player 8888 
inquire/ 
1111 2000 8000 0 fold 
5555 2000 8000 0 fold 
4444 2400 8000 100 blind 
6666 1500 8000 50 blind 
total pot: 150 
/inquire 
recv from player 8888: raise 275

send inquire msg to player 2222 
inquire/ 
8888 1625 8000 375 raise 
1111 2000 8000 0 fold 
5555 2000 8000 0 fold 
4444 2400 8000 100 blind 
6666 1500 8000 50 blind 
total pot: 525 
/inquire 
recv from player 2222: fold

send inquire msg to player 7777 
inquire/ 
2222 2000 8000 0 fold 
8888 1625 8000 375 raise 
1111 2000 8000 0 fold 
5555 2000 8000 0 fold 
4444 2400 8000 100 blind 
6666 1500 8000 50 blind 
total pot: 525 
/inquire 
recv from player 7777: call

send inquire msg to player 3333 
inquire/ 
7777 1625 8000 375 call 
2222 2000 8000 0 fold 
8888 1625 8000 375 raise 
1111 2000 8000 0 fold 
5555 2000 8000 0 fold 
4444 2400 8000 100 blind 
6666 1500 8000 50 blind 
total pot: 900 
/inquire 
recv from player 3333: fold

send inquire msg to player 6666 
inquire/ 
3333 1950 8000 0 fold 
7777 1625 8000 375 call 
2222 2000 8000 0 fold 
8888 1625 8000 375 raise 
1111 2000 8000 0 fold 
5555 2000 8000 0 fold 
4444 2400 8000 100 blind 
6666 1500 8000 50 blind 
total pot: 900 
/inquire 
recv from player 6666: fold

send inquire msg to player 4444 
inquire/ 
6666 1500 8000 50 fold 
3333 1950 8000 0 fold 
7777 1625 8000 375 call 
2222 2000 8000 0 fold 
8888 1625 8000 375 raise 
1111 2000 8000 0 fold 
5555 2000 8000 0 fold 
4444 2400 8000 100 blind 
total pot: 900 
/inquire 
recv from player 4444: check

flop/ 
CLUBS A 
DIAMONDS 7 
DIAMONDS Q 
/flop 

---flop round bet---
valid player: 8, all in player: 0, fold player: 5
send inquire msg to player 6666 
inquire/ 
3333 1950 8000 0 fold 
7777 1625 8000 375 call 
2222 2000 8000 0 fold 
8888 1625 8000 375 raise 
1111 2000 8000 0 fold 
5555 2000 8000 0 fold 
4444 2125 8000 375 call 
6666 1500 8000 50 fold 
total pot: 1175 
/inquire 
send inquire msg to player 4444 
inquire/ 
6666 1500 8000 50 fold 
3333 1950 8000 0 fold 
7777 1625 8000 375 call 
2222 2000 8000 0 fold 
8888 1625 8000 375 raise 
1111 2000 8000 0 fold 
5555 2000 8000 0 fold 
4444 2125 8000 375 call 
total pot: 1175 
/inquire 
recv from player 4444: fold

send inquire msg to player 5555 
inquire/ 
4444 2125 8000 375 fold 
6666 1500 8000 50 fold 
3333 1950 8000 0 fold 
7777 1625 8000 375 call 
2222 2000 8000 0 fold 
8888 1625 8000 375 raise 
1111 2000 8000 0 fold 
5555 2000 8000 0 fold 
total pot: 1175 
/inquire 
send inquire msg to player 1111 
inquire/ 
5555 2000 8000 0 fold 
4444 2125 8000 375 fold 
6666 1500 8000 50 fold 
3333 1950 8000 0 fold 
7777 1625 8000 375 call 
2222 2000 8000 0 fold 
8888 1625 8000 375 raise 
1111 2000 8000 0 fold 
total pot: 1175 
/inquire 
send inquire msg to player 8888 
inquire/ 
1111 2000 8000 0 fold 
5555 2000 8000 0 fold 
4444 2125 8000 375 fold 
6666 1500 8000 50 fold 
3333 1950 8000 0 fold 
7777 1625 8000 375 call 
2222 2000 8000 0 fold 
8888 1625 8000 375 raise 
total pot: 1175 
/inquire 
recv from player 8888: fold

send inquire msg to player 2222 
inquire/ 
8888 1625 8000 375 fold 
1111 2000 8000 0 fold 
5555 2000 8000 0 fold 
4444 2125 8000 375 fold 
6666 1500 8000 50 fold 
3333 1950 8000 0 fold 
7777 1625 8000 375 call 
2222 2000 8000 0 fold 
total pot: 1175 
/inquire 
send inquire msg to player 7777 
inquire/ 
2222 2000 8000 0 fold 
8888 1625 8000 375 fold 
1111 2000 8000 0 fold 
5555 2000 8000 0 fold 
4444 2125 8000 375 fold 
6666 1500 8000 50 fold 
3333 1950 8000 0 fold 
7777 1625 8000 375 call 
total pot: 1175 
/inquire 
recv from player 7777: fold


---turn round bet---
valid player: 8, all in player: 0, fold player: 8

---river round bet---
valid player: 8, all in player: 0, fold player: 8

--- 0 players not fold, don't need show down---

---Allocate pot---
pot-win/ 
/pot-win 
it is player 6666's turn to be button

-----3 Hand-----

----- clean player data in socket -----
find residue data from player 5555: fold

find residue data from player 1111: fold

find residue data from player 2222: fold

find residue data from player 6666: call

seat/ 
button: 6666 1500 8000 
small blind: 4444 2125 8000 
big blind: 5555 2000 8000 
1111 2000 8000 
8888 1625 8000 
2222 2000 8000 
7777 1625 8000 
3333 1950 8000 
/seat 
blind/ 
4444: 50 
5555: 100 
/blind 
player 4444:hold/ 
DIAMONDS J 
DIAMONDS 10 
/hold 
player 5555:hold/ 
SPADES 2 
DIAMONDS 9 
/hold 
player 1111:hold/ 
DIAMONDS K 
CLUBS 5 
/hold 
player 8888:hold/ 
CLUBS K 
CLUBS 7 
/hold 
player 2222:hold/ 
SPADES 8 
HEARTS 8 
/hold 
player 7777:hold/ 
SPADES 7 
DIAMONDS 2 
/hold 
player 3333:hold/ 
HEARTS 3 
DIAMONDS 3 
/hold 
player 6666:hold/ 
HEARTS 6 
HEARTS 9 
/hold 

---pre flop round bet---
valid player: 8, all in player: 0, fold player: 0
send inquire msg to player 1111 
inquire/ 
5555 1900 8000 100 blind 
4444 2075 8000 50 blind 
total pot: 150 
/inquire 
recv from player 1111: fold

send inquire msg to player 8888 
inquire/ 
1111 2000 8000 0 fold 
5555 1900 8000 100 blind 
4444 2075 8000 50 blind 
total pot: 150 
/inquire 
recv from player 8888: fold

send inquire msg to player 2222 
inquire/ 
8888 1625 8000 0 fold 
1111 2000 8000 0 fold 
5555 1900 8000 100 blind 
4444 2075 8000 50 blind 
total pot: 150 
/inquire 
recv from player 2222: raise 275

send inquire msg to player 7777 
inquire/ 
2222 1625 8000 375 raise 
8888 1625 8000 0 fold 
1111 2000 8000 0 fold 
5555 1900 8000 100 blind 
4444 2075 8000 50 blind 
total pot: 525 
/inquire 
recv from player 7777: fold

send inquire msg to player 3333 
inquire/ 
7777 1625 8000 0 fold 
2222 1625 8000 375 raise 
8888 1625 8000 0 fold 
1111 2000 8000 0 fold 
5555 1900 8000 100 blind 
4444 2075 8000 50 blind 
total pot: 525 
/inquire 
recv from player 3333: call

send inquire msg to player 6666 
inquire/ 
3333 1575 8000 375 call 
7777 1625 8000 0 fold 
2222 1625 8000 375 raise 
8888 1625 8000 0 fold 
1111 2000 8000 0 fold 
5555 1900 8000 100 blind 
4444 2075 8000 50 blind 
total pot: 900 
/inquire 
recv from player 6666: fold

send inquire msg to player 4444 
inquire/ 
6666 1500 8000 0 fold 
3333 1575 8000 375 call 
7777 1625 8000 0 fold 
2222 1625 8000 375 raise 
8888 1625 8000 0 fold 
1111 2000 8000 0 fold 
5555 1900 8000 100 blind 
4444 2075 8000 50 blind 
total pot: 900 
/inquire 
recv from player 4444: fold

send inquire msg to player 5555 
inquire/ 
4444 2075 8000 50 fold 
6666 1500 8000 0 fold 
3333 1575 8000 375 call 
7777 1625 8000 0 fold 
2222 1625 8000 375 raise 
8888 1625 8000 0 fold 
1111 2000 8000 0 fold 
5555 1900 8000 100 blind 
total pot: 900 
/inquire 
recv from player 5555: check

flop/ 
CLUBS A 
DIAMONDS 7 
DIAMONDS Q 
/flop 

---flop round bet---
valid player: 8, all in player: 0, fold player: 5
send inquire msg to player 4444 
inquire/ 
6666 1500 8000 0 fold 
3333 1575 8000 375 call 
7777 1625 8000 0 fold 
2222 1625 8000 375 raise 
8888 1625 8000 0 fold 
1111 2000 8000 0 fold 
5555 1625 8000 375 call 
4444 2075 8000 50 fold 
total pot: 1175 
/inquire 
send inquire msg to player 5555 
inquire/ 
4444 2075 8000 50 fold 
6666 1500 8000 0 fold 
3333 1575 8000 375 call 
7777 1625 8000 0 fold 
2222 1625 8000 375 raise 
8888 1625 8000 0 fold 
1111 2000 8000 0 fold 
5555 1625 8000 375 call 
total pot: 1175 
/inquire 
recv from player 5555: fold

send inquire msg to player 1111 
inquire/ 
5555 1625 8000 375 fold 
4444 2075 8000 50 fold 
6666 1500 8000 0 fold 
3333 1575 8000 375 call 
7777 1625 8000 0 fold 
2222 1625 8000 375 raise 
8888 1625 8000 0 fold 
1111 2000 8000 0 fold 
total pot: 1175 
/inquire 
send inquire msg to player 8888 
inquire/ 
1111 2000 8000 0 fold 
5555 1625 8000 375 fold 
4444 2075 8000 50 fold 
6666 1500 8000 0 fold 
3333 1575 8000 375 call 
7777 1625 8000 0 fold 
2222 1625 8000 375 raise 
8888 1625 8000 0 fold 
total pot: 1175 
/inquire 
send inquire msg to player 2222 
inquire/ 
8888 1625 8000 0 fold 
1111 2000 8000 0 fold 
5555 1625 8000 375 fold 
4444 2075 8000 50 fold 
6666 1500 8000 0 fold 
3333 1575 8000 375 call 
7777 1625 8000 0 fold 
2222 1625 8000 375 raise 
total pot: 1175 
/inquire 
recv from player 2222: fold

send inquire msg to player 7777 
inquire/ 
2222 1625 8000 375 fold 
8888 1625 8000 0 fold 
1111 2000 8000 0 fold 
5555 1625 8000 375 fold 
4444 2075 8000 50 fold 
6666 1500 8000 0 fold 
3333 1575 8000 375 call 
7777 1625 8000 0 fold 
total pot: 1175 
/inquire 
send inquire msg to player 3333 
inquire/ 
7777 1625 8000 0 fold 
2222 1625 8000 375 fold 
8888 1625 8000 0 fold 
1111 2000 8000 0 fold 
5555 1625 8000 375 fold 
4444 2075 8000 50 fold 
6666 1500 8000 0 fold 
3333 1575 8000 375 call 
total pot: 1175 
/inquire 
recv from player 3333: fold


---turn round bet---
valid player: 8, all in player: 0, fold player: 8

---river round bet---
valid player: 8, all in player: 0, fold player: 8

--- 0 players not fold, don't need show down---

---Allocate pot---
pot-win/ 
/pot-win 
it is player 4444's turn to be button

-----4 Hand-----

----- clean player data in socket -----
find residue data from player 1111: fold

find residue data from player 8888: fold

find residue data from player 7777: fold

find residue data from player 4444: call

seat/ 
button: 4444 2075 8000 
small blind: 5555 1625 8000 
big blind: 1111 2000 8000 
8888 1625 8000 
2222 1625 8000 
7777 1625 8000 
3333 1575 8000 
6666 1500 8000 
/seat 
blind/ 
5555: 50 
1111: 100 
/blind 
player 5555:hold/ 
DIAMONDS J 
DIAMONDS 10 
/hold 
player 1111:hold/ 
SPADES 2 
DIAMONDS 9 
/hold 
player 8888:hold/ 
DIAMONDS K 
CLUBS 5 
/hold 
player 2222:hold/ 
CLUBS K 
CLUBS 7 
/hold 
player 7777:hold/ 
SPADES 8 
HEARTS 8 
/hold 
player 3333:hold/ 
SPADES 7 
DIAMONDS 2 
/hold 
player 6666:hold/ 
HEARTS 3 
DIAMONDS 3 
/hold 
player 4444:hold/ 
HEARTS 6 
HEARTS 9 
/hold 

---pre flop round bet---
valid player: 8, all in player: 0, fold player: 0
send inquire msg to player 8888 
inquire/ 
1111 1900 8000 100 blind 
5555 1575 8000 50 blind 
total pot: 150 
/inquire 
recv from player 8888: fold

send inquire msg to player 2222 
inquire/ 
8888 1625 8000 0 fold 
1111 1900 8000 100 blind 
5555 1575 8000 50 blind 
total pot: 150 
/inquire 
recv from player 2222: fold

send inquire msg to player 7777 
inquire/ 
2222 1625 8000 0 fold 
8888 1625 8000 0 fold 
1111 1900 8000 100 blind 
5555 1575 8000 50 blind 
total pot: 150 
/inquire 
recv from player 7777: raise 275

send inquire msg to player 3333 
inquire/ 
7777 1250 8000 375 raise 
2222 1625 8000 0 fold 
8888 1625 8000 0 fold 
1111 1900 8000 100 blind 
5555 1575 8000 50 blind 
total pot: 525 
/inquire 
recv from player 3333: fold

send inquire msg to player 6666 
inquire/ 
3333 1575 8000 0 fold 
7777 1250 8000 375 raise 
2222 1625 8000 0 fold 
8888 1625 8000 0 fold 
1111 1900 8000 100 blind 
5555 1575 8000 50 blind 
total pot: 525 
/inquire 
recv from player 6666: call

send inquire msg to player 4444 
inquire/ 
6666 1125 8000 375 call 
3333 1575 8000 0 fold 
7777 1250 8000 375 raise 
2222 1625 8000 0 fold 
8888 1625 8000 0 fold 
1111 1900 8000 100 blind 
5555 1575 8000 50 blind 
total pot: 900 
/inquire 
recv from player 4444: fold

send inquire msg to player 5555 
inquire/ 
4444 2075 8000 0 fold 
6666 1125 8000 375 call 
3333 1575 8000 0 fold 
7777 1250 8000 375 raise 
2222 1625 8000 0 fold 
8888 1625 8000 0 fold 
1111 1900 8000 100 blind 
5555 1575 8000 50 blind 
total pot: 900 
/inquire 
recv from player 5555: fold

send inquire msg to player 1111 
inquire/ 
5555 1575 8000 50 fold 
4444 2075 8000 0 fold 
6666 1125 8000 375 call 
3333 1575 8000 0 fold 
7777 1250 8000 375 raise 
2222 1625 8000 0 fold 
8888 1625 8000 0 fold 
1111 1900 8000 100 blind 
total pot: 900 
/inquire 
recv from player 1111: check

flop/ 
CLUBS A 
DIAMONDS 7 
DIAMONDS Q 
/flop 

---flop round bet---
valid player: 8, all in player: 0, fold player: 5
send inquire msg to player 5555 
inquire/ 
4444 2075 8000 0 fold 
6666 1125 8000 375 call 
3333 1575 8000 0 fold 
7777 1250 8000 375 raise 
2222 1625 8000 0 fold 
8888 1625 8000 0 fold 
1111 1625 8000 375 call 
5555 1575 8000 50 fold 
total pot: 1175 
/inquire 
send inquire msg to player 1111 
inquire/ 
5555 1575 8000 50 fold 
4444 2075 8000 0 fold 
6666 1125 8000 375 call 
3333 1575 8000 0 fold 
7777 1250 8000 375 raise 
2222 1625 8000 0 fold 
8888 1625 8000 0 fold 
1111 1625 8000 375 call 
total pot: 1175 
/inquire 
recv from player 1111: fold

send inquire msg to player 8888 
inquire/ 
1111 1625 8000 375 fold 
5555 1575 8000 50 fold 
4444 2075 8000 0 fold 
6666 1125 8000 375 call 
3333 1575 8000 0 fold 
7777 1250 8000 375 raise 
2222 1625 8000 0 fold 
8888 1625 8000 0 fold 
total pot: 1175 
/inquire 
send inquire msg to player 2222 
inquire/ 
8888 1625 8000 0 fold 
1111 1625 8000 375 fold 
5555 1575 8000 50 fold 
4444 2075 8000 0 fold 
6666 1125 8000 375 call 
3333 1575 8000 0 fold 
7777 1250 8000 375 raise 
2222 1625 8000 0 fold 
total pot: 1175 
/inquire 
send inquire msg to player 7777 
inquire/ 
2222 1625 8000 0 fold 
8888 1625 8000 0 fold 
1111 1625 8000 375 fold 
5555 1575 8000 50 fold 
4444 2075 8000 0 fold 
6666 1125 8000 375 call 
3333 1575 8000 0 fold 
7777 1250 8000 375 raise 
total pot: 1175 
/inquire 
recv from player 7777: fold

send inquire msg to player 3333 
inquire/ 
7777 1250 8000 375 fold 
2222 1625 8000 0 fold 
8888 1625 8000 0 fold 
1111 1625 8000 375 fold 
5555 1575 8000 50 fold 
4444 2075 8000 0 fold 
6666 1125 8000 375 call 
3333 1575 8000 0 fold 
total pot: 1175 
/inquire 
send inquire msg to player 6666 
inquire/ 
3333 1575 8000 0 fold 
7777 1250 8000 375 fold 
2222 1625 8000 0 fold 
8888 1625 8000 0 fold 
1111 1625 8000 375 fold 
5555 1575 8000 50 fold 
4444 2075 8000 0 fold 
6666 1125 8000 375 call 
total pot: 1175 
/inquire 
recv from player 6666: fold


---turn round bet---
valid player: 8, all in player: 0, fold player: 8

---river round bet---
valid player: 8, all in player: 0, fold player: 8

--- 0 players not fold, don't need show down---

---Allocate pot---
pot-win/ 
/pot-win 
it is player 5555's turn to be button

-----5 Hand-----

----- clean player data in socket -----
find residue data from player 8888: fold

find residue data from player 2222: fold

find residue data from player 3333: fold

find residue data from player 5555: call

seat/ 
button: 5555 1575 8000 
small blind: 1111 1625 8000 
big blind: 8888 1625 8000 
2222 1625 8000 
7777 1250 8000 
3333 1575 8000 
6666 1125 8000 
4444 2075 8000 
/seat 
blind/ 
1111: 50 
8888: 100 
/blind 
player 1111:hold/ 
DIAMONDS J 
DIAMONDS 10 
/hold 
player 8888:hold/ 
SPADES 2 
DIAMONDS 9 
/hold 
player 2222:hold/ 
DIAMONDS K 
CLUBS 5 
/hold 
player 7777:hold/ 
CLUBS K 
CLUBS 7 
/hold 
player 3333:hold/ 
SPADES 8 
HEARTS 8 
/hold 
player 6666:hold/ 
SPADES 7 
DIAMONDS 2 
/hold 
player 4444:hold/ 
HEARTS 3 
DIAMONDS 3 
/hold 
player 5555:hold/ 
HEARTS 6 
HEARTS 9 
/hold 

---pre flop round bet---
valid player: 8, all in player: 0, fold player: 0
send inquire msg to player 2222 
inquire/ 
8888 1525 8000 100 blind 
1111 1575 8000 50 blind 
total pot: 150 
/inquire 
recv from player 2222: fold

send inquire msg to player 7777 
inquire/ 
2222 1625 8000 0 fold 
8888 1525 8000 100 blind 
1111 1575 8000 50 blind 
total pot: 150 
/inquire 
recv from player 7777: fold

send inquire msg to player 3333 
inquire/ 
7777 1250 8000 0 fold 
2222 1625 8000 0 fold 
8888 1525 8000 100 blind 
1111 1575 8000 50 blind 
total pot: 150 
/inquire 
recv from player 3333: raise 275

send inquire msg to player 6666 
inquire/ 
3333 1200 8000 375 raise 
7777 1250 8000 0 fold 
2222 1625 8000 0 fold 
8888 1525 8000 100 blind 
1111 1575 8000 50 blind 
total pot: 525 
/inquire 
recv from player 6666: fold

send inquire msg to player 4444 
inquire/ 
6666 1125 8000 0 fold 
3333 1200 8000 375 raise 
7777 1250 8000 0 fold 
2222 1625 8000 0 fold 
8888 1525 8000 100 blind 
1111 1575 8000 50 blind 
total pot: 525 
/inquire 
recv from player 4444: call

send inquire msg to player 5555 
inquire/ 
4444 1700 8000 375 call 
6666 1125 8000 0 fold 
3333 1200 8000 375 raise 
7777 1250 8000 0 fold 
2222 1625 8000 0 fold 
8888 1525 8000 100 blind 
1111 1575 8000 50 blind 
total pot: 900 
/inquire 
recv from player 5555: fold

send inquire msg to player 1111 
inquire/ 
5555 1575 8000 0 fold 
4444 1700 8000 375 call 
6666 1125 8000 0 fold 
3333 1200 8000 375 raise 
7777 1250 8000 0 fold 
2222 1625 8000 0 fold 
8888 1525 8000 100 blind 
1111 1575 8000 50 blind 
total pot: 900 
/inquire 
recv from player 1111: fold

send inquire msg to player 8888 
inquire/ 
1111 1575 8000 50 fold 
5555 1575 8000 0 fold 
4444 1700 8000 375 call 
6666 1125 8000 0 fold 
3333 1200 8000 375 raise 
7777 1250 8000 0 fold 
2222 1625 8000 0 fold 
8888 1525 8000 100 blind 
total pot: 900 
/inquire 
recv from player 8888: check

flop/ 
CLUBS A 
DIAMONDS 7 
DIAMONDS Q 
/flop 

---flop round bet---
valid player: 8, all in player: 0, fold player: 5
send inquire msg to player 1111 
inquire/ 
5555 1575 8000 0 fold 
4444 1700 8000 375 call 
6666 1125 8000 0 fold 
3333 1200 8000 375 raise 
7777 1250 8000 0 fold 
2222 1625 8000 0 fold 
8888 1250 8000 375 call 
1111 1575 8000 50 fold 
total pot: 1175 
/inquire 
send inquire msg to player 8888 
inquire/ 
1111 1575 8000 50 fold 
5555 1575 8000 0 fold 
4444 1700 8000 375 call 
6666 1125 8000 0 fold 
3333 1200 8000 375 raise 
7777 1250 8000 0 fold 
2222 1625 8000 0 fold 
8888 1250 8000 375 call 
total pot: 1175 
/inquire 
recv from player 8888: fold

send inquire msg to player 2222 
inquire/ 
8888 1250 8000 375 fold 
1111 1575 8000 50 fold 
5555 1575 8000 0 fold 
4444 1700 8000 375 call 
6666 1125 8000 0 fold 
3333 1200 8000 375 raise 
7777 1250 8000 0 fold 
2222 1625 8000 0 fold 
total pot: 1175 
/inquire 
send inquire msg to player 7777 
inquire/ 
2222 1625 8000 0 fold 
8888 1250 8000 375 fold 
1111 1575 8000 50 fold 
5555 1575 8000 0 fold 
4444 1700 8000 375 call 
6666 1125 8000 0 fold 
3333 1200 8000 375 raise 
7777 1250 8000 0 fold 
total pot: 1175 
/inquire 
send inquire msg to player 3333 
inquire/ 
7777 1250 8000 0 fold 
2222 1625 8000 0 fold 
8888 1250 8000 375 fold 
1111 1575 8000 50 fold 
5555 1575 8000 0 fold 
4444 1700 8000 375 call 
6666 1125 8000 0 fold 
3333 1200 8000 375 raise 
total pot: 1175 
/inquire 
recv from player 3333: fold

send inquire msg to player 6666 
inquire/ 
3333 1200 8000 375 fold 
7777 1250 8000 0 fold 
2222 1625 8000 0 fold 
8888 1250 8000 375 fold 
1111 1575 8000 50 fold 
5555 1575 8000 0 fold 
4444 1700 8000 375 call 
6666 1125 8000 0 fold 
total pot: 1175 
/inquire 
send inquire msg to player 4444 
inquire/ 
6666 1125 8000 0 fold 
3333 1200 8000 375 fold 
7777 1250 8000 0 fold 
2222 1625 8000 0 fold 
8888 1250 8000 375 fold 
1111 1575 8000 50 fold 
5555 1575 8000 0 fold 
4444 1700 8000 375 call 
total pot: 1175 
/inquire 
recv from player 4444: fold


---turn round bet---
valid player: 8, all in player: 0, fold player: 8

---river round bet---
valid player: 8, all in player: 0, fold player: 8

--- 0 players not fold, don't need show down---

---Allocate pot---
pot-win/ 
/pot-win 
it is player 1111's turn to be button

-----6 Hand-----

----- clean player data in socket -----
find residue data from player 2222: fold

find residue data from player 7777: fold

find residue data from player 6666: fold

find residue data from player 1111: call

seat/ 
button: 1111 1575 8000 
small blind: 8888 1250 8000 
big blind: 2222 1625 8000 
7777 1250 8000 
3333 1200 8000 
6666 1125 8000 
4444 1700 8000 
5555 1575 8000 
/seat 
blind/ 
8888: 50 
2222: 100 
/blind 
player 8888:hold/ 
DIAMONDS J 
DIAMONDS 10 
/hold 
player 2222:hold/ 
SPADES 2 
DIAMONDS 9 
/hold 
player 7777:hold/ 
DIAMONDS K 
CLUBS 5 
/hold 
player 3333:hold/ 
CLUBS K 
CLUBS 7 
/hold 
player 6666:hold/ 
SPADES 8 
HEARTS 8 
/hold 
player 4444:hold/ 
SPADES 7 
DIAMONDS 2 
/hold 
player 5555:hold/ 
HEARTS 3 
DIAMONDS 3 
/hold 
player 1111:hold/ 
HEARTS 6 
HEARTS 9 
/hold 

---pre flop round bet---
valid player: 8, all in player: 0, fold player: 0
send inquire msg to player 7777 
inquire/ 
2222 1525 8000 100 blind 
8888 1200 8000 50 blind 
total pot: 150 
/inquire 
recv from player 7777: fold

send inquire msg to player 3333 
inquire/ 
7777 1250 8000 0 fold 
2222 1525 8000 100 blind 
8888 1200 8000 50 blind 
total pot: 150 
/inquire 
recv from player 3333: fold

send inquire msg to player 6666 
inquire/ 
3333 1200 8000 0 fold 
7777 1250 8000 0 fold 
2222 1525 8000 100 blind 
8888 1200 8000 50 blind 
total pot: 150 
/inquire 
recv from player 6666: raise 275

send inquire msg to player 4444 
inquire/ 
6666 750 8000 375 raise 
3333 1200 8000 0 fold 
7777 1250 8000 0 fold 
2222 1525 8000 100 blind 
8888 1200 8000 50 blind 
total pot: 525 
/inquire 
recv from player 4444: fold

send inquire msg to player 5555 
inquire/ 
4444 1700 8000 0 fold 
6666 750 8000 375 raise 
3333 1200 8000 0 fold 
7777 1250 8000 0 fold 
2222 1525 8000 100 blind 
8888 1200 8000 50 blind 
total pot: 525 
/inquire 
recv from player 5555: call

send inquire msg to player 1111 
inquire/ 
5555 1200 8000 375 call 
4444 1700 8000 0 fold 
6666 750 8000 375 raise 
3333 1200 8000 0 fold 
7777 1250 8000 0 fold 
2222 1525 8000 100 blind 
8888 1200 8000 50 blind 
total pot: 900 
/inquire 
recv from player 1111: fold

send inquire msg to player 8888 
inquire/ 
1111 1575 8000 0 fold 
5555 1200 8000 375 call 
4444 1700 8000 0 fold 
6666 750 8000 375 raise 
3333 1200 8000 0 fold 
7777 1250 8000 0 fold 
2222 1525 8000 100 blind 
8888 1200 8000 50 blind 
total pot: 900 
/inquire 
recv from player 8888: fold

send inquire msg to player 2222 
inquire/ 
8888 1200 8000 50 fold 
1111 1575 8000 0 fold 
5555 1200 8000 375 call 
4444 1700 8000 0 fold 
6666 750 8000 375 raise 
3333 1200 8000 0 fold 
7777 1250 8000 0 fold 
2222 1525 8000 100 blind 
total pot: 900 
/inquire 
recv from player 2222: check

flop/ 
CLUBS A 
DIAMONDS 7 
DIAMONDS Q 
/flop 

---flop round bet---
valid player: 8, all in player: 0, fold player: 5
send inquire msg to player 8888 
inquire/ 
1111 1575 8000 0 fold 
5555 1200 8000 375 call 
4444 1700 8000 0 fold 
6666 750 8000 375 raise 
3333 1200 8000 0 fold 
7777 1250 8000 0 fold 
2222 1250 8000 375 call 
8888 1200 8000 50 fold 
total pot: 1175 
/inquire 
send inquire msg to player 2222 
inquire/ 
8888 1200 8000 50 fold 
1111 1575 8000 0 fold 
5555 1200 8000 375 call 
4444 1700 8000 0 fold 
6666 750 8000 375 raise 
3333 1200 8000 0 fold 
7777 1250 8000 0 fold 
2222 1250 8000 375 call 
total pot: 1175 
/inquire 
recv from player 2222: fold

send inquire msg to player 7777 
inquire/ 
2222 1250 8000 375 fold 
8888 1200 8000 50 fold 
1111 1575 8000 0 fold 
5555 1200 8000 375 call 
4444 1700 8000 0 fold 
6666 750 8000 375 raise 
3333 1200 8000 0 fold 
7777 1250 8000 0 fold 
total pot: 1175 
/inquire 
send inquire msg to player 3333 
inquire/ 
7777 1250 8000 0 fold 
2222 1250 8000 375 fold 
8888 1200 8000 50 fold 
1111 1575 8000 0 fold 
5555 1200 8000 375 call 
4444 1700 8000 0 fold 
6666 750 8000 375 raise 
3333 1200 8000 0 fold 
total pot: 1175 
/inquire 
send inquire msg to player 6666 
inquire/ 
3333 1200 8000 0 fold 
7777 1250 8000 0 fold 
2222 1250 8000 375 fold 
8888 1200 8000 50 fold 
1111 1575 8000 0 fold 
5555 1200 8000 375 call 
4444 1700 8000 0 fold 
6666 750 8000 375 raise 
total pot: 1175 
/inquire 
recv from player 6666: fold

send inquire msg to player 4444 
inquire/ 
6666 750 8000 375 fold 
3333 1200 8000 0 fold 
7777 1250 8000 0 fold 
2222 1250 8000 375 fold 
8888 1200 8000 50 fold 
1111 1575 8000 0 fold 
5555 1200 8000 375 call 
4444 1700 8000 0 fold 
total pot: 1175 
/inquire 
send inquire msg to player 5555 
inquire/ 
4444 1700 8000 0 fold 
6666 750 8000 375 fold 
3333 1200 8000 0 fold 
7777 1250 8000 0 fold 
2222 1250 8000 375 fold 
8888 1200 8000 50 fold 
1111 1575 8000 0 fold 
5555 1200 8000 375 call 
total pot: 1175 
/inquire 
recv from player 5555: fold


---turn round bet---
valid player: 8, all in player: 0, fold player: 8

---river round bet---
valid player: 8, all in player: 0, fold player: 8

--- 0 players not fold, don't need show down---

---Allocate pot---
pot-win/ 
/pot-win 
it is player 8888's turn to be button

-----7 Hand-----

----- clean player data in socket -----
find residue data from player 7777: fold

find residue data from player 3333: fold

find residue data from player 4444: fold

find residue data from player 8888: call

seat/ 
button: 8888 1200 8000 
small blind: 2222 1250 8000 
big blind: 7777 1250 8000 
3333 1200 8000 
6666 750 8000 
4444 1700 8000 
5555 1200 8000 
1111 1575 8000 
/seat 
blind/ 
2222: 50 
7777: 100 
/blind 
player 2222:hold/ 
DIAMONDS J 
DIAMONDS 10 
/hold 
player 7777:hold/ 
SPADES 2 
DIAMONDS 9 
/hold 
player 3333:hold/ 
DIAMONDS K 
CLUBS 5 
/hold 
player 6666:hold/ 
CLUBS K 
CLUBS 7 
/hold 
player 4444:hold/ 
SPADES 8 
HEARTS 8 
/hold 
player 5555:hold/ 
SPADES 7 
DIAMONDS 2 
/hold 
player 1111:hold/ 
HEARTS 3 
DIAMONDS 3 
/hold 
player 8888:hold/ 
HEARTS 6 
HEARTS 9 
/hold 

---pre flop round bet---
valid player: 8, all in player: 0, fold player: 0
send inquire msg to player 3333 
inquire/ 
7777 1150 8000 100 blind 
2222 1200 8000 50 blind 
total pot: 150 
/inquire 
recv from player 3333: fold

send inquire msg to player 6666 
inquire/ 
3333 1200 8000 0 fold 
7777 1150 8000 100 blind 
2222 1200 8000 50 blind 
total pot: 150 
/inquire 
recv from player 6666: fold

send inquire msg to player 4444 
inquire/ 
6666 750 8000 0 fold 
3333 1200 8000 0 fold 
7777 1150 8000 100 blind 
2222 1200 8000 50 blind 
total pot: 150 
/inquire 
recv from player 4444: raise 275

send inquire msg to player 5555 
inquire/ 
4444 1325 8000 375 raise 
6666 750 8000 0 fold 
3333 1200 8000 0 fold 
7777 1150 8000 100 blind 
2222 1200 8000 50 blind 
total pot: 525 
/inquire 
recv from player 5555: fold

send inquire msg to player 1111 
inquire/ 
5555 1200 8000 0 fold 
4444 1325 8000 375 raise 
6666 750 8000 0 fold 
3333 1200 8000 0 fold 
7777 1150 8000 100 blind 
2222 1200 8000 50 blind 
total pot: 525 
/inquire 
recv from player 1111: call

send inquire msg to player 8888 
inquire/ 
1111 1200 8000 375 call 
5555 1200 8000 0 fold 
4444 1325 8000 375 raise 
6666 750 8000 0 fold 
3333 1200 8000 0 fold 
7777 1150 8000 100 blind 
2222 1200 8000 50 blind 
total pot: 900 
/inquire 
recv from player 8888: fold

send inquire msg to player 2222 
inquire/ 
8888 1200 8000 0 fold 
1111 1200 8000 375 call 
5555 1200 8000 0 fold 
4444 1325 8000 375 raise 
6666 750 8000 0 fold 
3333 1200 8000 0 fold 
7777 1150 8000 100 blind 
2222 1200 8000 50 blind 
total pot: 900 
/inquire 
recv from player 2222: fold

send inquire msg to player 7777 
inquire/ 
2222 1200 8000 50 fold 
8888 1200 8000 0 fold 
1111 1200 8000 375 call 
5555 1200 8000 0 fold 
4444 1325 8000 375 raise 
6666 750 8000 0 fold 
3333 1200 8000 0 fold 
7777 1150 8000 100 blind 
total pot: 900 
/inquire 
recv from player 7777: check

flop/ 
CLUBS A 
DIAMONDS 7 
DIAMONDS Q 
/flop 

---flop round bet---
valid player: 8, all in player: 0, fold player: 5
send inquire msg to player 2222 
inquire/ 
8888 1200 8000 0 fold 
1111 1200 8000 375 call 
5555 1200 8000 0 fold 
4444 1325 8000 375 raise 
6666 750 8000 0 fold 
3333 1200 8000 0 fold 
7777 875 8000 375 call 
2222 1200 8000 50 fold 
total pot: 1175 
/inquire 
send inquire msg to player 7777 
inquire/ 
2222 1200 8000 50 fold 
8888 1200 8000 0 fold 
1111 1200 8000 375 call 
5555 1200 8000 0 fold 
4444 1325 8000 375 raise 
6666 750 8000 0 fold 
3333 1200 8000 0 fold 
7777 875 8000 375 call 
total pot: 1175 
/inquire 
recv from player 7777: fold

send inquire msg to player 3333 
inquire/ 
7777 875 8000 375 fold 
2222 1200 8000 50 fold 
8888 1200 8000 0 fold 
1111 1200 8000 375 call 
5555 1200 8000 0 fold 
4444 1325 8000 375 raise 
6666 750 8000 0 fold 
3333 1200 8000 0 fold 
total pot: 1175 
/inquire 
send inquire msg to player 6666 
inquire/ 
3333 1200 8000 0 fold 
7777 875 8000 375 fold 
2222 1200 8000 50 fold 
8888 1200 8000 0 fold 
1111 1200 8000 375 call 
5555 1200 8000 0 fold 
4444 1325 8000 375 raise 
6666 750 8000 0 fold 
total pot: 1175 
/inquire 
send inquire msg to player 4444 
inquire/ 
6666 750 8000 0 fold 
3333 1200 8000 0 fold 
7777 875 8000 375 fold 
2222 1200 8000 50 fold 
8888 1200 8000 0 fold 
1111 1200 8000 375 call 
5555 1200 8000 0 fold 
4444 1325 8000 375 raise 
total pot: 1175 
/inquire 
recv from player 4444: fold

send inquire msg to player 5555 
inquire/ 
4444 1325 8000 375 fold 
6666 750 8000 0 fold 
3333 1200 8000 0 fold 
7777 875 8000 375 fold 
2222 1200 8000 50 fold 
8888 1200 8000 0 fold 
1111 1200 8000 375 call 
5555 1200 8000 0 fold 
total pot: 1175 
/inquire 
send inquire msg to player 1111 
inquire/ 
5555 1200 8000 0 fold 
4444 1325 8000 375 fold 
6666 750 8000 0 fold 
3333 1200 8000 0 fold 
7777 875 8000 375 fold 
2222 1200 8000 50 fold 
8888 1200 8000 0 fold 
1111 1200 8000 375 call 
total pot: 1175 
/inquire 
recv from player 1111: fold


---turn round bet---
valid player: 8, all in player: 0, fold player: 8

---river round bet---
valid player: 8, all in player: 0, fold player: 8

--- 0 players not fold, don't need show down---

---Allocate pot---
pot-win/ 
/pot-win 
it is player 2222's turn to be button

-----8 Hand-----

----- clean player data in socket -----
find residue data from player 3333: fold

find residue data from player 6666: fold

find residue data from player 5555: fold

find residue data from player 2222: call

seat/ 
button: 2222 1200 8000 
small blind: 7777 875 8000 
big blind: 3333 1200 8000 
6666 750 8000 
4444 1325 8000 
5555 1200 8000 
1111 1200 8000 
8888 1200 8000 
/seat 
blind/ 
7777: 50 
3333: 100 
/blind 
player 7777:hold/ 
DIAMONDS J 
DIAMONDS 10 
/hold 
player 3333:hold/ 
SPADES 2 
DIAMONDS 9 
/hold 
player 6666:hold/ 
DIAMONDS K 
CLUBS 5 
/hold 
player 4444:hold/ 
CLUBS K 
CLUBS 7 
/hold 
player 5555:hold/ 
SPADES 8 
HEARTS 8 
/hold 
player 1111:hold/ 
SPADES 7 
DIAMONDS 2 
/hold 
player 8888:hold/ 
HEARTS 3 
DIAMONDS 3 
/hold 
player 2222:hold/ 
HEARTS 6 
HEARTS 9 
/hold 

---pre flop round bet---
valid player: 8, all in player: 0, fold player: 0
send inquire msg to player 6666 
inquire/ 
3333 1100 8000 100 blind 
7777 825 8000 50 blind 
total pot: 150 
/inquire 
recv from player 6666: fold

send inquire msg to player 4444 
inquire/ 
6666 750 8000 0 fold 
3333 1100 8000 100 blind 
7777 825 8000 50 blind 
total pot: 150 
/inquire 
recv from player 4444: fold

send inquire msg to player 5555 
inquire/ 
4444 1325 8000 0 fold 
6666 750 8000 0 fold 
3333 1100 8000 100 blind 
7777 825 8000 50 blind 
total pot: 150 
/inquire 
recv from player 5555: raise 275

send inquire msg to player 1111 
inquire/ 
5555 825 8000 375 raise 
4444 1325 8000 0 fold 
6666 750 8000 0 fold 
3333 1100 8000 100 blind 
7777 825 8000 50 blind 
total pot: 525 
/inquire 
recv from player 1111: fold

send inquire msg to player 8888 
inquire/ 
1111 1200 8000 0 fold 
5555 825 8000 375 raise 
4444 1325 8000 0 fold 
6666 750 8000 0 fold 
3333 1100 8000 100 blind 
7777 825 8000 50 blind 
total pot: 525 
/inquire 
recv from player 8888: call

send inquire msg to player 2222 
inquire/ 
8888 825 8000 375 call 
1111 1200 8000 0 fold 
5555 825 8000 375 raise 
4444 1325 8000 0 fold 
6666 750 8000 0 fold 
3333 1100 8000 100 blind 
7777 825 8000 50 blind 
total pot: 900 
/inquire 
recv from player 2222: fold

send inquire msg to player 7777 
inquire/ 
2222 1200 8000 0 fold 
8888 825 8000 375 call 
1111 1200 8000 0 fold 
5555 825 8000 375 raise 
4444 1325 8000 0 fold 
6666 750 8000 0 fold 
3333 1100 8000 100 blind 
7777 825 8000 50 blind 
total pot: 900 
/inquire 
recv from player 7777: fold

send inquire msg to player 3333 
inquire/ 
7777 825 8000 50 fold 
2222 1200 8000 0 fold 
8888 825 8000 375 call 
1111 1200 8000 0 fold 
5555 825 8000 375 raise 
4444 1325 8000 0 fold 
6666 750 8000 0 fold 
3333 1100 8000 100 blind 
total pot: 900 
/inquire 
recv from player 3333: check

flop/ 
CLUBS A 
DIAMONDS 7 
DIAMONDS Q 
/flop 

---flop round bet---
valid player: 8, all in player: 0, fold player: 5
send inquire msg to player 7777 
inquire/ 
2222 1200 8000 0 fold 
8888 825 8000 375 call 
1111 1200 8000 0 fold 
5555 825 8000 375 raise 
4444 1325 8000 0 fold 
6666 750 8000 0 fold 
3333 825 8000 375 call 
7777 825 8000 50 fold 
total pot: 1175 
/inquire 
send inquire msg to player 3333 
inquire/ 
7777 825 8000 50 fold 
2222 1200 8000 0 fold 
8888 825 8000 375 call 
1111 1200 8000 0 fold 
5555 825 8000 375 raise 
4444 1325 8000 0 fold 
6666 750 8000 0 fold 
3333 825 8000 375 call 
total pot: 1175 
/inquire 
recv from player 3333: fold

send inquire msg to player 6666 
inquire/ 
3333 825 8000 375 fold 
7777 825 8000 50 fold 
2222 1200 8000 0 fold 
8888 825 8000 375 call 
1111 1200 8000 0 fold 
5555 825 8000 375 raise 
4444 1325 8000 0 fold 
6666 750 8000 0 fold 
total pot: 1175 
/inquire 
send inquire msg to player 4444 
inquire/ 
6666 750 8000 0 fold 
3333 825 8000 375 fold 
7777 825 8000 50 fold 
2222 1200 8000 0 fold 
8888 825 8000 375 call 
1111 1200 8000 0 fold 
5555 825 8000 375 raise 
4444 1325 8000 0 fold 
total pot: 1175 
/inquire 
send inquire msg to player 5555 
inquire/ 
4444 1325 8000 0 fold 
6666 750 8000 0 fold 
3333 825 8000 375 fold 
7777 825 8000 50 fold 
2222 1200 8000 0 fold 
8888 825 8000 375 call 
1111 1200 8000 0 fold 
5555 825 8000 375 raise 
total pot: 1175 
/inquire 
recv from player 5555: fold

send inquire msg to player 1111 
inquire/ 
5555 825 8000 375 fold 
4444 1325 8000 0 fold 
6666 750 8000 0 fold 
3333 825 8000 375 fold 
7777 825 8000 50 fold 
2222 1200 8000 0 fold 
8888 825 8000 375 call 
1111 1200 8000 0 fold 
total pot: 1175 
/inquire 
send inquire msg to player 8888 
inquire/ 
1111 1200 8000 0 fold 
5555 825 8000 375 fold 
4444 1325 8000 0 fold 
6666 750 8000 0 fold 
3333 825 8000 375 fold 
7777 825 8000 50 fold 
2222 1200 8000 0 fold 
8888 825 8000 375 call 
total pot: 1175 
/inquire 
recv from player 8888: fold


---turn round bet---
valid player: 8, all in player: 0, fold player: 8

---river round bet---
valid player: 8, all in player: 0, fold player: 8

--- 0 players not fold, don't need show down---

---Allocate pot---
pot-win/ 
/pot-win 
it is player 7777's turn to be button

-----9 Hand-----

----- clean player data in socket -----
find residue data from player 6666: fold

find residue data from player 4444: fold

find residue data from player 1111: fold

find residue data from player 7777: call

seat/ 
button: 7777 825 8000 
small blind: 3333 825 8000 
big blind: 6666 750 8000 
4444 1325 8000 
5555 825 8000 
1111 1200 8000 
8888 825 8000 
2222 1200 8000 
/seat 
blind/ 
3333: 50 
6666: 100 
/blind 
player 3333:hold/ 
DIAMONDS J 
DIAMONDS 10 
/hold 
player 6666:hold/ 
SPADES 2 
DIAMONDS 9 
/hold 
player 4444:hold/ 
DIAMONDS K 
CLUBS 5 
/hold 
player 5555:hold/ 
CLUBS K 
CLUBS 7 
/hold 
player 1111:hold/ 
SPADES 8 
HEARTS 8 
/hold 
player 8888:hold/ 
SPADES 7 
DIAMONDS 2 
/hold 
player 2222:hold/ 
HEARTS 3 
DIAMONDS 3 
/hold 
player 7777:hold/ 
HEARTS 6 
HEARTS 9 
/hold 

---pre flop round bet---
valid player: 8, all in player: 0, fold player: 0
