

---GAME START @ 2015-5-14-12-4-37---
reg: 4444 DSNJU 
reg: 7777 DSNJU 
reg: 5555 DSNJU 
reg: 1111 DSNJU 
reg: 2222 DSNJU 
reg: 3333 DSNJU 
reg: 8888 DSNJU 
reg: 6666 DSNJU 

-----1 Hand-----

----- clean player data in socket -----
seat/ 
button: 6666 2000 8000 
small blind: 8888 2000 8000 
big blind: 3333 2000 8000 
7777 2000 8000 
1111 2000 8000 
4444 2000 8000 
2222 2000 8000 
5555 2000 8000 
/seat 
blind/ 
8888: 50 
3333: 100 
/blind 
player 8888:hold/ 
CLUBS 8 
CLUBS J 
/hold 
player 3333:hold/ 
SPADES J 
DIAMONDS 7 
/hold 
player 7777:hold/ 
CLUBS 5 
SPADES 6 
/hold 
player 1111:hold/ 
HEARTS 6 
CLUBS Q 
/hold 
player 4444:hold/ 
DIAMONDS 10 
DIAMONDS 4 
/hold 
player 2222:hold/ 
DIAMONDS A 
DIAMONDS 6 
/hold 
player 5555:hold/ 
SPADES 8 
DIAMONDS J 
/hold 
player 6666:hold/ 
SPADES 3 
DIAMONDS Q 
/hold 

---pre flop round bet---
valid player: 8, all in player: 0, fold player: 0
send inquire msg to player 7777 
inquire/ 
3333 1900 8000 100 blind 
8888 1950 8000 50 blind 
total pot: 150 
/inquire 
recv from player 7777: call

send inquire msg to player 1111 
inquire/ 
7777 1900 8000 100 call 
3333 1900 8000 100 blind 
8888 1950 8000 50 blind 
total pot: 250 
/inquire 
recv from player 1111: call

send inquire msg to player 4444 
inquire/ 
1111 1900 8000 100 call 
7777 1900 8000 100 call 
3333 1900 8000 100 blind 
8888 1950 8000 50 blind 
total pot: 350 
/inquire 
recv from player 4444: call

send inquire msg to player 2222 
inquire/ 
4444 1900 8000 100 call 
1111 1900 8000 100 call 
7777 1900 8000 100 call 
3333 1900 8000 100 blind 
8888 1950 8000 50 blind 
total pot: 450 
/inquire 
recv from player 2222: call

send inquire msg to player 5555 
inquire/ 
2222 1900 8000 100 call 
4444 1900 8000 100 call 
1111 1900 8000 100 call 
7777 1900 8000 100 call 
3333 1900 8000 100 blind 
8888 1950 8000 50 blind 
total pot: 550 
/inquire 
recv from player 5555: call

send inquire msg to player 6666 
inquire/ 
5555 1900 8000 100 call 
2222 1900 8000 100 call 
4444 1900 8000 100 call 
1111 1900 8000 100 call 
7777 1900 8000 100 call 
3333 1900 8000 100 blind 
8888 1950 8000 50 blind 
total pot: 650 
/inquire 
recv from player 6666: call

send inquire msg to player 8888 
inquire/ 
6666 1900 8000 100 call 
5555 1900 8000 100 call 
2222 1900 8000 100 call 
4444 1900 8000 100 call 
1111 1900 8000 100 call 
7777 1900 8000 100 call 
3333 1900 8000 100 blind 
8888 1950 8000 50 blind 
total pot: 750 
/inquire 
recv from player 8888: call

send inquire msg to player 3333 
inquire/ 
8888 1900 8000 100 call 
6666 1900 8000 100 call 
5555 1900 8000 100 call 
2222 1900 8000 100 call 
4444 1900 8000 100 call 
1111 1900 8000 100 call 
7777 1900 8000 100 call 
3333 1900 8000 100 blind 
total pot: 800 
/inquire 
recv from player 3333: call

flop/ 
CLUBS A 
CLUBS 2 
SPADES 4 
/flop 

---flop round bet---
valid player: 8, all in player: 0, fold player: 0
send inquire msg to player 8888 
inquire/ 
6666 1900 8000 100 call 
5555 1900 8000 100 call 
2222 1900 8000 100 call 
4444 1900 8000 100 call 
1111 1900 8000 100 call 
7777 1900 8000 100 call 
3333 1900 8000 100 check 
8888 1900 8000 100 call 
total pot: 800 
/inquire 
recv from player 8888: call

send inquire msg to player 3333 
inquire/ 
8888 1900 8000 100 check 
6666 1900 8000 100 call 
5555 1900 8000 100 call 
2222 1900 8000 100 call 
4444 1900 8000 100 call 
1111 1900 8000 100 call 
7777 1900 8000 100 call 
3333 1900 8000 100 check 
total pot: 800 
/inquire 
recv from player 3333: call

send inquire msg to player 7777 
inquire/ 
3333 1900 8000 100 check 
8888 1900 8000 100 check 
6666 1900 8000 100 call 
5555 1900 8000 100 call 
2222 1900 8000 100 call 
4444 1900 8000 100 call 
1111 1900 8000 100 call 
7777 1900 8000 100 call 
total pot: 800 
/inquire 
recv from player 7777: call

send inquire msg to player 1111 
inquire/ 
7777 1900 8000 100 check 
3333 1900 8000 100 check 
8888 1900 8000 100 check 
6666 1900 8000 100 call 
5555 1900 8000 100 call 
2222 1900 8000 100 call 
4444 1900 8000 100 call 
1111 1900 8000 100 call 
total pot: 800 
/inquire 
recv from player 1111: call

send inquire msg to player 4444 
inquire/ 
1111 1900 8000 100 check 
7777 1900 8000 100 check 
3333 1900 8000 100 check 
8888 1900 8000 100 check 
6666 1900 8000 100 call 
5555 1900 8000 100 call 
2222 1900 8000 100 call 
4444 1900 8000 100 call 
total pot: 800 
/inquire 
recv from player 4444: call

send inquire msg to player 2222 
inquire/ 
4444 1900 8000 100 check 
1111 1900 8000 100 check 
7777 1900 8000 100 check 
3333 1900 8000 100 check 
8888 1900 8000 100 check 
6666 1900 8000 100 call 
5555 1900 8000 100 call 
2222 1900 8000 100 call 
total pot: 800 
/inquire 
recv from player 2222: call

send inquire msg to player 5555 
inquire/ 
2222 1900 8000 100 check 
4444 1900 8000 100 check 
1111 1900 8000 100 check 
7777 1900 8000 100 check 
3333 1900 8000 100 check 
8888 1900 8000 100 check 
6666 1900 8000 100 call 
5555 1900 8000 100 call 
total pot: 800 
/inquire 
recv from player 5555: call

send inquire msg to player 6666 
inquire/ 
5555 1900 8000 100 check 
2222 1900 8000 100 check 
4444 1900 8000 100 check 
1111 1900 8000 100 check 
7777 1900 8000 100 check 
3333 1900 8000 100 check 
8888 1900 8000 100 check 
6666 1900 8000 100 call 
total pot: 800 
/inquire 
recv from player 6666: call

turn/ 
HEARTS 10 
/turn 

---turn round bet---
valid player: 8, all in player: 0, fold player: 0
send inquire msg to player 8888 
inquire/ 
6666 1900 8000 100 check 
5555 1900 8000 100 check 
2222 1900 8000 100 check 
4444 1900 8000 100 check 
1111 1900 8000 100 check 
7777 1900 8000 100 check 
3333 1900 8000 100 check 
8888 1900 8000 100 check 
total pot: 800 
/inquire 
recv from player 8888: call

send inquire msg to player 3333 
inquire/ 
8888 1900 8000 100 check 
6666 1900 8000 100 check 
5555 1900 8000 100 check 
2222 1900 8000 100 check 
4444 1900 8000 100 check 
1111 1900 8000 100 check 
7777 1900 8000 100 check 
3333 1900 8000 100 check 
total pot: 800 
/inquire 
recv from player 3333: call

send inquire msg to player 7777 
inquire/ 
3333 1900 8000 100 check 
8888 1900 8000 100 check 
6666 1900 8000 100 check 
5555 1900 8000 100 check 
2222 1900 8000 100 check 
4444 1900 8000 100 check 
1111 1900 8000 100 check 
7777 1900 8000 100 check 
total pot: 800 
/inquire 
recv from player 7777: call

send inquire msg to player 1111 
inquire/ 
7777 1900 8000 100 check 
3333 1900 8000 100 check 
8888 1900 8000 100 check 
6666 1900 8000 100 check 
5555 1900 8000 100 check 
2222 1900 8000 100 check 
4444 1900 8000 100 check 
1111 1900 8000 100 check 
total pot: 800 
/inquire 
recv from player 1111: call

send inquire msg to player 4444 
inquire/ 
1111 1900 8000 100 check 
7777 1900 8000 100 check 
3333 1900 8000 100 check 
8888 1900 8000 100 check 
6666 1900 8000 100 check 
5555 1900 8000 100 check 
2222 1900 8000 100 check 
4444 1900 8000 100 check 
total pot: 800 
/inquire 
recv from player 4444: call

send inquire msg to player 2222 
inquire/ 
4444 1900 8000 100 check 
1111 1900 8000 100 check 
7777 1900 8000 100 check 
3333 1900 8000 100 check 
8888 1900 8000 100 check 
6666 1900 8000 100 check 
5555 1900 8000 100 check 
2222 1900 8000 100 check 
total pot: 800 
/inquire 
recv from player 2222: call

send inquire msg to player 5555 
inquire/ 
2222 1900 8000 100 check 
4444 1900 8000 100 check 
1111 1900 8000 100 check 
7777 1900 8000 100 check 
3333 1900 8000 100 check 
8888 1900 8000 100 check 
6666 1900 8000 100 check 
5555 1900 8000 100 check 
total pot: 800 
/inquire 
recv from player 5555: call

send inquire msg to player 6666 
inquire/ 
5555 1900 8000 100 check 
2222 1900 8000 100 check 
4444 1900 8000 100 check 
1111 1900 8000 100 check 
7777 1900 8000 100 check 
3333 1900 8000 100 check 
8888 1900 8000 100 check 
6666 1900 8000 100 check 
total pot: 800 
/inquire 
recv from player 6666: call

river/ 
DIAMONDS K 
/river 

---river round bet---
valid player: 8, all in player: 0, fold player: 0
send inquire msg to player 8888 
inquire/ 
6666 1900 8000 100 check 
5555 1900 8000 100 check 
2222 1900 8000 100 check 
4444 1900 8000 100 check 
1111 1900 8000 100 check 
7777 1900 8000 100 check 
3333 1900 8000 100 check 
8888 1900 8000 100 check 
total pot: 800 
/inquire 
recv from player 8888: call

send inquire msg to player 3333 
inquire/ 
8888 1900 8000 100 check 
6666 1900 8000 100 check 
5555 1900 8000 100 check 
2222 1900 8000 100 check 
4444 1900 8000 100 check 
1111 1900 8000 100 check 
7777 1900 8000 100 check 
3333 1900 8000 100 check 
total pot: 800 
/inquire 
recv from player 3333: call

send inquire msg to player 7777 
inquire/ 
3333 1900 8000 100 check 
8888 1900 8000 100 check 
6666 1900 8000 100 check 
5555 1900 8000 100 check 
2222 1900 8000 100 check 
4444 1900 8000 100 check 
1111 1900 8000 100 check 
7777 1900 8000 100 check 
total pot: 800 
/inquire 
recv from player 7777: call

send inquire msg to player 1111 
inquire/ 
7777 1900 8000 100 check 
3333 1900 8000 100 check 
8888 1900 8000 100 check 
6666 1900 8000 100 check 
5555 1900 8000 100 check 
2222 1900 8000 100 check 
4444 1900 8000 100 check 
1111 1900 8000 100 check 
total pot: 800 
/inquire 
recv from player 1111: call

send inquire msg to player 4444 
inquire/ 
1111 1900 8000 100 check 
7777 1900 8000 100 check 
3333 1900 8000 100 check 
8888 1900 8000 100 check 
6666 1900 8000 100 check 
5555 1900 8000 100 check 
2222 1900 8000 100 check 
4444 1900 8000 100 check 
total pot: 800 
/inquire 
recv from player 4444: call

send inquire msg to player 2222 
inquire/ 
4444 1900 8000 100 check 
1111 1900 8000 100 check 
7777 1900 8000 100 check 
3333 1900 8000 100 check 
8888 1900 8000 100 check 
6666 1900 8000 100 check 
5555 1900 8000 100 check 
2222 1900 8000 100 check 
total pot: 800 
/inquire 
recv from player 2222: call

send inquire msg to player 5555 
inquire/ 
2222 1900 8000 100 check 
4444 1900 8000 100 check 
1111 1900 8000 100 check 
7777 1900 8000 100 check 
3333 1900 8000 100 check 
8888 1900 8000 100 check 
6666 1900 8000 100 check 
5555 1900 8000 100 check 
total pot: 800 
/inquire 
recv from player 5555: call

send inquire msg to player 6666 
inquire/ 
5555 1900 8000 100 check 
2222 1900 8000 100 check 
4444 1900 8000 100 check 
1111 1900 8000 100 check 
7777 1900 8000 100 check 
3333 1900 8000 100 check 
8888 1900 8000 100 check 
6666 1900 8000 100 check 
total pot: 800 
/inquire 
recv from player 6666: call


---show down---
showdown/ 
common/ 
CLUBS A 
CLUBS 2 
SPADES 4 
HEARTS 10 
DIAMONDS K 
/common 
5: 8888 CLUBS 8 CLUBS J HIGH_CARD 
6: 3333 SPADES J DIAMONDS 7 HIGH_CARD 
7: 7777 CLUBS 5 SPADES 6 HIGH_CARD 
3: 1111 HEARTS 6 CLUBS Q HIGH_CARD 
1: 4444 DIAMONDS 10 DIAMONDS 4 TWO_PAIR 
2: 2222 DIAMONDS A DIAMONDS 6 ONE_PAIR 
5: 5555 SPADES 8 DIAMONDS J HIGH_CARD 
4: 6666 SPADES 3 DIAMONDS Q HIGH_CARD 
/showdown 

---Allocate pot---
pot-win/ 
4444: 800 
/pot-win 
it is player 8888's turn to be button

-----2 Hand-----

----- clean player data in socket -----
seat/ 
button: 8888 1900 8000 
small blind: 3333 1900 8000 
big blind: 7777 1900 8000 
1111 1900 8000 
4444 2700 8000 
2222 1900 8000 
5555 1900 8000 
6666 1900 8000 
/seat 
blind/ 
3333: 50 
7777: 100 
/blind 
player 3333:hold/ 
HEARTS 9 
HEARTS 8 
/hold 
player 7777:hold/ 
SPADES 6 
CLUBS J 
/hold 
player 1111:hold/ 
DIAMONDS 2 
HEARTS J 
/hold 
player 4444:hold/ 
SPADES 2 
DIAMONDS A 
/hold 
player 2222:hold/ 
HEARTS A 
SPADES 10 
/hold 
player 5555:hold/ 
DIAMONDS 5 
HEARTS 7 
/hold 
player 6666:hold/ 
SPADES 8 
CLUBS 10 
/hold 
player 8888:hold/ 
SPADES 5 
DIAMONDS 7 
/hold 

---pre flop round bet---
valid player: 8, all in player: 0, fold player: 0
send inquire msg to player 1111 
inquire/ 
7777 1800 8000 100 blind 
3333 1850 8000 50 blind 
total pot: 150 
/inquire 
recv from player 1111: call

send inquire msg to player 4444 
inquire/ 
1111 1800 8000 100 call 
7777 1800 8000 100 blind 
3333 1850 8000 50 blind 
total pot: 250 
/inquire 
recv from player 4444: call

send inquire msg to player 2222 
inquire/ 
4444 2600 8000 100 call 
1111 1800 8000 100 call 
7777 1800 8000 100 blind 
3333 1850 8000 50 blind 
total pot: 350 
/inquire 
recv from player 2222: call

send inquire msg to player 5555 
inquire/ 
2222 1800 8000 100 call 
4444 2600 8000 100 call 
1111 1800 8000 100 call 
7777 1800 8000 100 blind 
3333 1850 8000 50 blind 
total pot: 450 
/inquire 
recv from player 5555: call

send inquire msg to player 6666 
inquire/ 
5555 1800 8000 100 call 
2222 1800 8000 100 call 
4444 2600 8000 100 call 
1111 1800 8000 100 call 
7777 1800 8000 100 blind 
3333 1850 8000 50 blind 
total pot: 550 
/inquire 
recv from player 6666: call

send inquire msg to player 8888 
inquire/ 
6666 1800 8000 100 call 
5555 1800 8000 100 call 
2222 1800 8000 100 call 
4444 2600 8000 100 call 
1111 1800 8000 100 call 
7777 1800 8000 100 blind 
3333 1850 8000 50 blind 
total pot: 650 
/inquire 
recv from player 8888: call

send inquire msg to player 3333 
inquire/ 
8888 1800 8000 100 call 
6666 1800 8000 100 call 
5555 1800 8000 100 call 
2222 1800 8000 100 call 
4444 2600 8000 100 call 
1111 1800 8000 100 call 
7777 1800 8000 100 blind 
3333 1850 8000 50 blind 
total pot: 750 
/inquire 
recv from player 3333: call

send inquire msg to player 7777 
inquire/ 
3333 1800 8000 100 call 
8888 1800 8000 100 call 
6666 1800 8000 100 call 
5555 1800 8000 100 call 
2222 1800 8000 100 call 
4444 2600 8000 100 call 
1111 1800 8000 100 call 
7777 1800 8000 100 blind 
total pot: 800 
/inquire 
recv from player 7777: call

flop/ 
HEARTS 10 
HEARTS 4 
CLUBS 7 
/flop 

---flop round bet---
valid player: 8, all in player: 0, fold player: 0
send inquire msg to player 3333 
inquire/ 
8888 1800 8000 100 call 
6666 1800 8000 100 call 
5555 1800 8000 100 call 
2222 1800 8000 100 call 
4444 2600 8000 100 call 
1111 1800 8000 100 call 
7777 1800 8000 100 check 
3333 1800 8000 100 call 
total pot: 800 
/inquire 
recv from player 3333: call

send inquire msg to player 7777 
inquire/ 
3333 1800 8000 100 check 
8888 1800 8000 100 call 
6666 1800 8000 100 call 
5555 1800 8000 100 call 
2222 1800 8000 100 call 
4444 2600 8000 100 call 
1111 1800 8000 100 call 
7777 1800 8000 100 check 
total pot: 800 
/inquire 
recv from player 7777: call

send inquire msg to player 1111 
inquire/ 
7777 1800 8000 100 check 
3333 1800 8000 100 check 
8888 1800 8000 100 call 
6666 1800 8000 100 call 
5555 1800 8000 100 call 
2222 1800 8000 100 call 
4444 2600 8000 100 call 
1111 1800 8000 100 call 
total pot: 800 
/inquire 
recv from player 1111: call

send inquire msg to player 4444 
inquire/ 
1111 1800 8000 100 check 
7777 1800 8000 100 check 
3333 1800 8000 100 check 
8888 1800 8000 100 call 
6666 1800 8000 100 call 
5555 1800 8000 100 call 
2222 1800 8000 100 call 
4444 2600 8000 100 call 
total pot: 800 
/inquire 
recv from player 4444: call

send inquire msg to player 2222 
inquire/ 
4444 2600 8000 100 check 
1111 1800 8000 100 check 
7777 1800 8000 100 check 
3333 1800 8000 100 check 
8888 1800 8000 100 call 
6666 1800 8000 100 call 
5555 1800 8000 100 call 
2222 1800 8000 100 call 
total pot: 800 
/inquire 
recv from player 2222: call

send inquire msg to player 5555 
inquire/ 
2222 1800 8000 100 check 
4444 2600 8000 100 check 
1111 1800 8000 100 check 
7777 1800 8000 100 check 
3333 1800 8000 100 check 
8888 1800 8000 100 call 
6666 1800 8000 100 call 
5555 1800 8000 100 call 
total pot: 800 
/inquire 
recv from player 5555: call

send inquire msg to player 6666 
inquire/ 
5555 1800 8000 100 check 
2222 1800 8000 100 check 
4444 2600 8000 100 check 
1111 1800 8000 100 check 
7777 1800 8000 100 check 
3333 1800 8000 100 check 
8888 1800 8000 100 call 
6666 1800 8000 100 call 
total pot: 800 
/inquire 
recv from player 6666: call

send inquire msg to player 8888 
inquire/ 
6666 1800 8000 100 check 
5555 1800 8000 100 check 
2222 1800 8000 100 check 
4444 2600 8000 100 check 
1111 1800 8000 100 check 
7777 1800 8000 100 check 
3333 1800 8000 100 check 
8888 1800 8000 100 call 
total pot: 800 
/inquire 
recv from player 8888: call

turn/ 
DIAMONDS K 
/turn 

---turn round bet---
valid player: 8, all in player: 0, fold player: 0
send inquire msg to player 3333 
inquire/ 
8888 1800 8000 100 check 
6666 1800 8000 100 check 
5555 1800 8000 100 check 
2222 1800 8000 100 check 
4444 2600 8000 100 check 
1111 1800 8000 100 check 
7777 1800 8000 100 check 
3333 1800 8000 100 check 
total pot: 800 
/inquire 
recv from player 3333: call

send inquire msg to player 7777 
inquire/ 
3333 1800 8000 100 check 
8888 1800 8000 100 check 
6666 1800 8000 100 check 
5555 1800 8000 100 check 
2222 1800 8000 100 check 
4444 2600 8000 100 check 
1111 1800 8000 100 check 
7777 1800 8000 100 check 
total pot: 800 
/inquire 
recv from player 7777: call

send inquire msg to player 1111 
inquire/ 
7777 1800 8000 100 check 
3333 1800 8000 100 check 
8888 1800 8000 100 check 
6666 1800 8000 100 check 
5555 1800 8000 100 check 
2222 1800 8000 100 check 
4444 2600 8000 100 check 
1111 1800 8000 100 check 
total pot: 800 
/inquire 
recv from player 1111: call

send inquire msg to player 4444 
inquire/ 
1111 1800 8000 100 check 
7777 1800 8000 100 check 
3333 1800 8000 100 check 
8888 1800 8000 100 check 
6666 1800 8000 100 check 
5555 1800 8000 100 check 
2222 1800 8000 100 check 
4444 2600 8000 100 check 
total pot: 800 
/inquire 
recv from player 4444: call

send inquire msg to player 2222 
inquire/ 
4444 2600 8000 100 check 
1111 1800 8000 100 check 
7777 1800 8000 100 check 
3333 1800 8000 100 check 
8888 1800 8000 100 check 
6666 1800 8000 100 check 
5555 1800 8000 100 check 
2222 1800 8000 100 check 
total pot: 800 
/inquire 
recv from player 2222: call

send inquire msg to player 5555 
inquire/ 
2222 1800 8000 100 check 
4444 2600 8000 100 check 
1111 1800 8000 100 check 
7777 1800 8000 100 check 
3333 1800 8000 100 check 
8888 1800 8000 100 check 
6666 1800 8000 100 check 
5555 1800 8000 100 check 
total pot: 800 
/inquire 
recv from player 5555: call

send inquire msg to player 6666 
inquire/ 
5555 1800 8000 100 check 
2222 1800 8000 100 check 
4444 2600 8000 100 check 
1111 1800 8000 100 check 
7777 1800 8000 100 check 
3333 1800 8000 100 check 
8888 1800 8000 100 check 
6666 1800 8000 100 check 
total pot: 800 
/inquire 
recv from player 6666: call

send inquire msg to player 8888 
inquire/ 
6666 1800 8000 100 check 
5555 1800 8000 100 check 
2222 1800 8000 100 check 
4444 2600 8000 100 check 
1111 1800 8000 100 check 
7777 1800 8000 100 check 
3333 1800 8000 100 check 
8888 1800 8000 100 check 
total pot: 800 
/inquire 
recv from player 8888: call

river/ 
CLUBS 9 
/river 

---river round bet---
valid player: 8, all in player: 0, fold player: 0
send inquire msg to player 3333 
inquire/ 
8888 1800 8000 100 check 
6666 1800 8000 100 check 
5555 1800 8000 100 check 
2222 1800 8000 100 check 
4444 2600 8000 100 check 
1111 1800 8000 100 check 
7777 1800 8000 100 check 
3333 1800 8000 100 check 
total pot: 800 
/inquire 
recv from player 3333: call

send inquire msg to player 7777 
inquire/ 
3333 1800 8000 100 check 
8888 1800 8000 100 check 
6666 1800 8000 100 check 
5555 1800 8000 100 check 
2222 1800 8000 100 check 
4444 2600 8000 100 check 
1111 1800 8000 100 check 
7777 1800 8000 100 check 
total pot: 800 
/inquire 
recv from player 7777: call

send inquire msg to player 1111 
inquire/ 
7777 1800 8000 100 check 
3333 1800 8000 100 check 
8888 1800 8000 100 check 
6666 1800 8000 100 check 
5555 1800 8000 100 check 
2222 1800 8000 100 check 
4444 2600 8000 100 check 
1111 1800 8000 100 check 
total pot: 800 
/inquire 
recv from player 1111: call

send inquire msg to player 4444 
inquire/ 
1111 1800 8000 100 check 
7777 1800 8000 100 check 
3333 1800 8000 100 check 
8888 1800 8000 100 check 
6666 1800 8000 100 check 
5555 1800 8000 100 check 
2222 1800 8000 100 check 
4444 2600 8000 100 check 
total pot: 800 
/inquire 
recv from player 4444: call

send inquire msg to player 2222 
inquire/ 
4444 2600 8000 100 check 
1111 1800 8000 100 check 
7777 1800 8000 100 check 
3333 1800 8000 100 check 
8888 1800 8000 100 check 
6666 1800 8000 100 check 
5555 1800 8000 100 check 
2222 1800 8000 100 check 
total pot: 800 
/inquire 
recv from player 2222: call

send inquire msg to player 5555 
inquire/ 
2222 1800 8000 100 check 
4444 2600 8000 100 check 
1111 1800 8000 100 check 
7777 1800 8000 100 check 
3333 1800 8000 100 check 
8888 1800 8000 100 check 
6666 1800 8000 100 check 
5555 1800 8000 100 check 
total pot: 800 
/inquire 
recv from player 5555: call

send inquire msg to player 6666 
inquire/ 
5555 1800 8000 100 check 
2222 1800 8000 100 check 
4444 2600 8000 100 check 
1111 1800 8000 100 check 
7777 1800 8000 100 check 
3333 1800 8000 100 check 
8888 1800 8000 100 check 
6666 1800 8000 100 check 
total pot: 800 
/inquire 
recv from player 6666: call

send inquire msg to player 8888 
inquire/ 
6666 1800 8000 100 check 
5555 1800 8000 100 check 
2222 1800 8000 100 check 
4444 2600 8000 100 check 
1111 1800 8000 100 check 
7777 1800 8000 100 check 
3333 1800 8000 100 check 
8888 1800 8000 100 check 
total pot: 800 
/inquire 
recv from player 8888: call


---show down---
showdown/ 
common/ 
HEARTS 10 
HEARTS 4 
CLUBS 7 
DIAMONDS K 
CLUBS 9 
/common 
3: 3333 HEARTS 9 HEARTS 8 ONE_PAIR 
6: 7777 SPADES 6 CLUBS J HIGH_CARD 
6: 1111 DIAMONDS 2 HEARTS J HIGH_CARD 
5: 4444 SPADES 2 DIAMONDS A HIGH_CARD 
1: 2222 HEARTS A SPADES 10 ONE_PAIR 
4: 5555 DIAMONDS 5 HEARTS 7 ONE_PAIR 
2: 6666 SPADES 8 CLUBS 10 ONE_PAIR 
4: 8888 SPADES 5 DIAMONDS 7 ONE_PAIR 
/showdown 

---Allocate pot---
pot-win/ 
2222: 800 
/pot-win 
it is player 3333's turn to be button

-----3 Hand-----

----- clean player data in socket -----
seat/ 
button: 3333 1800 8000 
small blind: 7777 1800 8000 
big blind: 1111 1800 8000 
4444 2600 8000 
2222 2600 8000 
5555 1800 8000 
6666 1800 8000 
8888 1800 8000 
/seat 
blind/ 
7777: 50 
1111: 100 
/blind 
player 7777:hold/ 
HEARTS 9 
HEARTS 8 
/hold 
player 1111:hold/ 
SPADES 6 
CLUBS J 
/hold 
player 4444:hold/ 
DIAMONDS 2 
HEARTS J 
/hold 
player 2222:hold/ 
SPADES 2 
DIAMONDS A 
/hold 
player 5555:hold/ 
HEARTS A 
SPADES 10 
/hold 
player 6666:hold/ 
DIAMONDS 5 
HEARTS 7 
/hold 
player 8888:hold/ 
SPADES 8 
CLUBS 10 
/hold 
player 3333:hold/ 
SPADES 5 
DIAMONDS 7 
/hold 

---pre flop round bet---
valid player: 8, all in player: 0, fold player: 0
send inquire msg to player 4444 
inquire/ 
1111 1700 8000 100 blind 
7777 1750 8000 50 blind 
total pot: 150 
/inquire 
recv from player 4444: call

send inquire msg to player 2222 
inquire/ 
4444 2500 8000 100 call 
1111 1700 8000 100 blind 
7777 1750 8000 50 blind 
total pot: 250 
/inquire 
recv from player 2222: call

send inquire msg to player 5555 
inquire/ 
2222 2500 8000 100 call 
4444 2500 8000 100 call 
1111 1700 8000 100 blind 
7777 1750 8000 50 blind 
total pot: 350 
/inquire 
recv from player 5555: call

send inquire msg to player 6666 
inquire/ 
5555 1700 8000 100 call 
2222 2500 8000 100 call 
4444 2500 8000 100 call 
1111 1700 8000 100 blind 
7777 1750 8000 50 blind 
total pot: 450 
/inquire 
recv from player 6666: call

send inquire msg to player 8888 
inquire/ 
6666 1700 8000 100 call 
5555 1700 8000 100 call 
2222 2500 8000 100 call 
4444 2500 8000 100 call 
1111 1700 8000 100 blind 
7777 1750 8000 50 blind 
total pot: 550 
/inquire 
recv from player 8888: call

send inquire msg to player 3333 
inquire/ 
8888 1700 8000 100 call 
6666 1700 8000 100 call 
5555 1700 8000 100 call 
2222 2500 8000 100 call 
4444 2500 8000 100 call 
1111 1700 8000 100 blind 
7777 1750 8000 50 blind 
total pot: 650 
/inquire 
recv from player 3333: call

send inquire msg to player 7777 
inquire/ 
3333 1700 8000 100 call 
8888 1700 8000 100 call 
6666 1700 8000 100 call 
5555 1700 8000 100 call 
2222 2500 8000 100 call 
4444 2500 8000 100 call 
1111 1700 8000 100 blind 
7777 1750 8000 50 blind 
total pot: 750 
/inquire 
recv from player 7777: call

send inquire msg to player 1111 
inquire/ 
7777 1700 8000 100 call 
3333 1700 8000 100 call 
8888 1700 8000 100 call 
6666 1700 8000 100 call 
5555 1700 8000 100 call 
2222 2500 8000 100 call 
4444 2500 8000 100 call 
1111 1700 8000 100 blind 
total pot: 800 
/inquire 
recv from player 1111: call

flop/ 
HEARTS 10 
HEARTS 4 
CLUBS 7 
/flop 

---flop round bet---
valid player: 8, all in player: 0, fold player: 0
send inquire msg to player 7777 
inquire/ 
3333 1700 8000 100 call 
8888 1700 8000 100 call 
6666 1700 8000 100 call 
5555 1700 8000 100 call 
2222 2500 8000 100 call 
4444 2500 8000 100 call 
1111 1700 8000 100 check 
7777 1700 8000 100 call 
total pot: 800 
/inquire 
recv from player 7777: call

send inquire msg to player 1111 
inquire/ 
7777 1700 8000 100 check 
3333 1700 8000 100 call 
8888 1700 8000 100 call 
6666 1700 8000 100 call 
5555 1700 8000 100 call 
2222 2500 8000 100 call 
4444 2500 8000 100 call 
1111 1700 8000 100 check 
total pot: 800 
/inquire 
recv from player 1111: call

send inquire msg to player 4444 
inquire/ 
1111 1700 8000 100 check 
7777 1700 8000 100 check 
3333 1700 8000 100 call 
8888 1700 8000 100 call 
6666 1700 8000 100 call 
5555 1700 8000 100 call 
2222 2500 8000 100 call 
4444 2500 8000 100 call 
total pot: 800 
/inquire 
recv from player 4444: call

send inquire msg to player 2222 
inquire/ 
4444 2500 8000 100 check 
1111 1700 8000 100 check 
7777 1700 8000 100 check 
3333 1700 8000 100 call 
8888 1700 8000 100 call 
6666 1700 8000 100 call 
5555 1700 8000 100 call 
2222 2500 8000 100 call 
total pot: 800 
/inquire 
recv from player 2222: call

send inquire msg to player 5555 
inquire/ 
2222 2500 8000 100 check 
4444 2500 8000 100 check 
1111 1700 8000 100 check 
7777 1700 8000 100 check 
3333 1700 8000 100 call 
8888 1700 8000 100 call 
6666 1700 8000 100 call 
5555 1700 8000 100 call 
total pot: 800 
/inquire 
recv from player 5555: call

send inquire msg to player 6666 
inquire/ 
5555 1700 8000 100 check 
2222 2500 8000 100 check 
4444 2500 8000 100 check 
1111 1700 8000 100 check 
7777 1700 8000 100 check 
3333 1700 8000 100 call 
8888 1700 8000 100 call 
6666 1700 8000 100 call 
total pot: 800 
/inquire 
recv from player 6666: call

send inquire msg to player 8888 
inquire/ 
6666 1700 8000 100 check 
5555 1700 8000 100 check 
2222 2500 8000 100 check 
4444 2500 8000 100 check 
1111 1700 8000 100 check 
7777 1700 8000 100 check 
3333 1700 8000 100 call 
8888 1700 8000 100 call 
total pot: 800 
/inquire 
recv from player 8888: call

send inquire msg to player 3333 
inquire/ 
8888 1700 8000 100 check 
6666 1700 8000 100 check 
5555 1700 8000 100 check 
2222 2500 8000 100 check 
4444 2500 8000 100 check 
1111 1700 8000 100 check 
7777 1700 8000 100 check 
3333 1700 8000 100 call 
total pot: 800 
/inquire 
recv from player 3333: call

turn/ 
DIAMONDS K 
/turn 

---turn round bet---
valid player: 8, all in player: 0, fold player: 0
send inquire msg to player 7777 
inquire/ 
3333 1700 8000 100 check 
8888 1700 8000 100 check 
6666 1700 8000 100 check 
5555 1700 8000 100 check 
2222 2500 8000 100 check 
4444 2500 8000 100 check 
1111 1700 8000 100 check 
7777 1700 8000 100 check 
total pot: 800 
/inquire 
recv from player 7777: call

send inquire msg to player 1111 
inquire/ 
7777 1700 8000 100 check 
3333 1700 8000 100 check 
8888 1700 8000 100 check 
6666 1700 8000 100 check 
5555 1700 8000 100 check 
2222 2500 8000 100 check 
4444 2500 8000 100 check 
1111 1700 8000 100 check 
total pot: 800 
/inquire 
recv from player 1111: call

send inquire msg to player 4444 
inquire/ 
1111 1700 8000 100 check 
7777 1700 8000 100 check 
3333 1700 8000 100 check 
8888 1700 8000 100 check 
6666 1700 8000 100 check 
5555 1700 8000 100 check 
2222 2500 8000 100 check 
4444 2500 8000 100 check 
total pot: 800 
/inquire 
recv from player 4444: call

send inquire msg to player 2222 
inquire/ 
4444 2500 8000 100 check 
1111 1700 8000 100 check 
7777 1700 8000 100 check 
3333 1700 8000 100 check 
8888 1700 8000 100 check 
6666 1700 8000 100 check 
5555 1700 8000 100 check 
2222 2500 8000 100 check 
total pot: 800 
/inquire 
recv from player 2222: call

send inquire msg to player 5555 
inquire/ 
2222 2500 8000 100 check 
4444 2500 8000 100 check 
1111 1700 8000 100 check 
7777 1700 8000 100 check 
3333 1700 8000 100 check 
8888 1700 8000 100 check 
6666 1700 8000 100 check 
5555 1700 8000 100 check 
total pot: 800 
/inquire 
recv from player 5555: call

send inquire msg to player 6666 
inquire/ 
5555 1700 8000 100 check 
2222 2500 8000 100 check 
4444 2500 8000 100 check 
1111 1700 8000 100 check 
7777 1700 8000 100 check 
3333 1700 8000 100 check 
8888 1700 8000 100 check 
6666 1700 8000 100 check 
total pot: 800 
/inquire 
recv from player 6666: call

send inquire msg to player 8888 
inquire/ 
6666 1700 8000 100 check 
5555 1700 8000 100 check 
2222 2500 8000 100 check 
4444 2500 8000 100 check 
1111 1700 8000 100 check 
7777 1700 8000 100 check 
3333 1700 8000 100 check 
8888 1700 8000 100 check 
total pot: 800 
/inquire 
recv from player 8888: call

send inquire msg to player 3333 
inquire/ 
8888 1700 8000 100 check 
6666 1700 8000 100 check 
5555 1700 8000 100 check 
2222 2500 8000 100 check 
4444 2500 8000 100 check 
1111 1700 8000 100 check 
7777 1700 8000 100 check 
3333 1700 8000 100 check 
total pot: 800 
/inquire 
recv from player 3333: call

river/ 
CLUBS 9 
/river 

---river round bet---
valid player: 8, all in player: 0, fold player: 0
send inquire msg to player 7777 
inquire/ 
3333 1700 8000 100 check 
8888 1700 8000 100 check 
6666 1700 8000 100 check 
5555 1700 8000 100 check 
2222 2500 8000 100 check 
4444 2500 8000 100 check 
1111 1700 8000 100 check 
7777 1700 8000 100 check 
total pot: 800 
/inquire 
recv from player 7777: call

send inquire msg to player 1111 
inquire/ 
7777 1700 8000 100 check 
3333 1700 8000 100 check 
8888 1700 8000 100 check 
6666 1700 8000 100 check 
5555 1700 8000 100 check 
2222 2500 8000 100 check 
4444 2500 8000 100 check 
1111 1700 8000 100 check 
total pot: 800 
/inquire 
recv from player 1111: call

send inquire msg to player 4444 
inquire/ 
1111 1700 8000 100 check 
7777 1700 8000 100 check 
3333 1700 8000 100 check 
8888 1700 8000 100 check 
6666 1700 8000 100 check 
5555 1700 8000 100 check 
2222 2500 8000 100 check 
4444 2500 8000 100 check 
total pot: 800 
/inquire 
recv from player 4444: call

send inquire msg to player 2222 
inquire/ 
4444 2500 8000 100 check 
1111 1700 8000 100 check 
7777 1700 8000 100 check 
3333 1700 8000 100 check 
8888 1700 8000 100 check 
6666 1700 8000 100 check 
5555 1700 8000 100 check 
2222 2500 8000 100 check 
total pot: 800 
/inquire 
recv from player 2222: call

send inquire msg to player 5555 
inquire/ 
2222 2500 8000 100 check 
4444 2500 8000 100 check 
1111 1700 8000 100 check 
7777 1700 8000 100 check 
3333 1700 8000 100 check 
8888 1700 8000 100 check 
6666 1700 8000 100 check 
5555 1700 8000 100 check 
total pot: 800 
/inquire 
recv from player 5555: call

send inquire msg to player 6666 
inquire/ 
5555 1700 8000 100 check 
2222 2500 8000 100 check 
4444 2500 8000 100 check 
1111 1700 8000 100 check 
7777 1700 8000 100 check 
3333 1700 8000 100 check 
8888 1700 8000 100 check 
6666 1700 8000 100 check 
total pot: 800 
/inquire 
recv from player 6666: call

send inquire msg to player 8888 
inquire/ 
6666 1700 8000 100 check 
5555 1700 8000 100 check 
2222 2500 8000 100 check 
4444 2500 8000 100 check 
1111 1700 8000 100 check 
7777 1700 8000 100 check 
3333 1700 8000 100 check 
8888 1700 8000 100 check 
total pot: 800 
/inquire 
recv from player 8888: call

send inquire msg to player 3333 
inquire/ 
8888 1700 8000 100 check 
6666 1700 8000 100 check 
5555 1700 8000 100 check 
2222 2500 8000 100 check 
4444 2500 8000 100 check 
1111 1700 8000 100 check 
7777 1700 8000 100 check 
3333 1700 8000 100 check 
total pot: 800 
/inquire 
recv from player 3333: call


---show down---
showdown/ 
common/ 
HEARTS 10 
HEARTS 4 
CLUBS 7 
DIAMONDS K 
CLUBS 9 
/common 
3: 7777 HEARTS 9 HEARTS 8 ONE_PAIR 
6: 1111 SPADES 6 CLUBS J HIGH_CARD 
6: 4444 DIAMONDS 2 HEARTS J HIGH_CARD 
5: 2222 SPADES 2 DIAMONDS A HIGH_CARD 
1: 5555 HEARTS A SPADES 10 ONE_PAIR 
4: 6666 DIAMONDS 5 HEARTS 7 ONE_PAIR 
2: 8888 SPADES 8 CLUBS 10 ONE_PAIR 
4: 3333 SPADES 5 DIAMONDS 7 ONE_PAIR 
/showdown 

---Allocate pot---
pot-win/ 
5555: 800 
/pot-win 
it is player 7777's turn to be button

-----4 Hand-----

----- clean player data in socket -----
seat/ 
button: 7777 1700 8000 
small blind: 1111 1700 8000 
big blind: 4444 2500 8000 
2222 2500 8000 
5555 2500 8000 
6666 1700 8000 
8888 1700 8000 
3333 1700 8000 
/seat 
blind/ 
1111: 50 
4444: 100 
/blind 
player 1111:hold/ 
HEARTS 9 
HEARTS 8 
/hold 
player 4444:hold/ 
SPADES 6 
CLUBS J 
/hold 
player 2222:hold/ 
DIAMONDS 2 
HEARTS J 
/hold 
player 5555:hold/ 
SPADES 2 
DIAMONDS A 
/hold 
player 6666:hold/ 
HEARTS A 
SPADES 10 
/hold 
player 8888:hold/ 
DIAMONDS 5 
HEARTS 7 
/hold 
player 3333:hold/ 
SPADES 8 
CLUBS 10 
/hold 
player 7777:hold/ 
SPADES 5 
DIAMONDS 7 
/hold 

---pre flop round bet---
valid player: 8, all in player: 0, fold player: 0
send inquire msg to player 2222 
inquire/ 
4444 2400 8000 100 blind 
1111 1650 8000 50 blind 
total pot: 150 
/inquire 
recv from player 2222: call

send inquire msg to player 5555 
inquire/ 
2222 2400 8000 100 call 
4444 2400 8000 100 blind 
1111 1650 8000 50 blind 
total pot: 250 
/inquire 
recv from player 5555: call

send inquire msg to player 6666 
inquire/ 
5555 2400 8000 100 call 
2222 2400 8000 100 call 
4444 2400 8000 100 blind 
1111 1650 8000 50 blind 
total pot: 350 
/inquire 
recv from player 6666: call

send inquire msg to player 8888 
inquire/ 
6666 1600 8000 100 call 
5555 2400 8000 100 call 
2222 2400 8000 100 call 
4444 2400 8000 100 blind 
1111 1650 8000 50 blind 
total pot: 450 
/inquire 
recv from player 8888: call

send inquire msg to player 3333 
inquire/ 
8888 1600 8000 100 call 
6666 1600 8000 100 call 
5555 2400 8000 100 call 
2222 2400 8000 100 call 
4444 2400 8000 100 blind 
1111 1650 8000 50 blind 
total pot: 550 
/inquire 
recv from player 3333: call

send inquire msg to player 7777 
inquire/ 
3333 1600 8000 100 call 
8888 1600 8000 100 call 
6666 1600 8000 100 call 
5555 2400 8000 100 call 
2222 2400 8000 100 call 
4444 2400 8000 100 blind 
1111 1650 8000 50 blind 
total pot: 650 
/inquire 
recv from player 7777: call

send inquire msg to player 1111 
inquire/ 
7777 1600 8000 100 call 
3333 1600 8000 100 call 
8888 1600 8000 100 call 
6666 1600 8000 100 call 
5555 2400 8000 100 call 
2222 2400 8000 100 call 
4444 2400 8000 100 blind 
1111 1650 8000 50 blind 
total pot: 750 
/inquire 
recv from player 1111: call

send inquire msg to player 4444 
inquire/ 
1111 1600 8000 100 call 
7777 1600 8000 100 call 
3333 1600 8000 100 call 
8888 1600 8000 100 call 
6666 1600 8000 100 call 
5555 2400 8000 100 call 
2222 2400 8000 100 call 
4444 2400 8000 100 blind 
total pot: 800 
/inquire 
recv from player 4444: call

flop/ 
HEARTS 10 
HEARTS 4 
CLUBS 7 
/flop 

---flop round bet---
valid player: 8, all in player: 0, fold player: 0
send inquire msg to player 1111 
inquire/ 
7777 1600 8000 100 call 
3333 1600 8000 100 call 
8888 1600 8000 100 call 
6666 1600 8000 100 call 
5555 2400 8000 100 call 
2222 2400 8000 100 call 
4444 2400 8000 100 check 
1111 1600 8000 100 call 
total pot: 800 
/inquire 
recv from player 1111: call

send inquire msg to player 4444 
inquire/ 
1111 1600 8000 100 check 
7777 1600 8000 100 call 
3333 1600 8000 100 call 
8888 1600 8000 100 call 
6666 1600 8000 100 call 
5555 2400 8000 100 call 
2222 2400 8000 100 call 
4444 2400 8000 100 check 
total pot: 800 
/inquire 
recv from player 4444: call

send inquire msg to player 2222 
inquire/ 
4444 2400 8000 100 check 
1111 1600 8000 100 check 
7777 1600 8000 100 call 
3333 1600 8000 100 call 
8888 1600 8000 100 call 
6666 1600 8000 100 call 
5555 2400 8000 100 call 
2222 2400 8000 100 call 
total pot: 800 
/inquire 
recv from player 2222: call

send inquire msg to player 5555 
inquire/ 
2222 2400 8000 100 check 
4444 2400 8000 100 check 
1111 1600 8000 100 check 
7777 1600 8000 100 call 
3333 1600 8000 100 call 
8888 1600 8000 100 call 
6666 1600 8000 100 call 
5555 2400 8000 100 call 
total pot: 800 
/inquire 
recv from player 5555: call

send inquire msg to player 6666 
inquire/ 
5555 2400 8000 100 check 
2222 2400 8000 100 check 
4444 2400 8000 100 check 
1111 1600 8000 100 check 
7777 1600 8000 100 call 
3333 1600 8000 100 call 
8888 1600 8000 100 call 
6666 1600 8000 100 call 
total pot: 800 
/inquire 
recv from player 6666: call

send inquire msg to player 8888 
inquire/ 
6666 1600 8000 100 check 
5555 2400 8000 100 check 
2222 2400 8000 100 check 
4444 2400 8000 100 check 
1111 1600 8000 100 check 
7777 1600 8000 100 call 
3333 1600 8000 100 call 
8888 1600 8000 100 call 
total pot: 800 
/inquire 
recv from player 8888: call

send inquire msg to player 3333 
inquire/ 
8888 1600 8000 100 check 
6666 1600 8000 100 check 
5555 2400 8000 100 check 
2222 2400 8000 100 check 
4444 2400 8000 100 check 
1111 1600 8000 100 check 
7777 1600 8000 100 call 
3333 1600 8000 100 call 
total pot: 800 
/inquire 
recv from player 3333: call

send inquire msg to player 7777 
inquire/ 
3333 1600 8000 100 check 
8888 1600 8000 100 check 
6666 1600 8000 100 check 
5555 2400 8000 100 check 
2222 2400 8000 100 check 
4444 2400 8000 100 check 
1111 1600 8000 100 check 
7777 1600 8000 100 call 
total pot: 800 
/inquire 
recv from player 7777: call

turn/ 
DIAMONDS K 
/turn 

---turn round bet---
valid player: 8, all in player: 0, fold player: 0
send inquire msg to player 1111 
inquire/ 
7777 1600 8000 100 check 
3333 1600 8000 100 check 
8888 1600 8000 100 check 
6666 1600 8000 100 check 
5555 2400 8000 100 check 
2222 2400 8000 100 check 
4444 2400 8000 100 check 
1111 1600 8000 100 check 
total pot: 800 
/inquire 
recv from player 1111: call

send inquire msg to player 4444 
inquire/ 
1111 1600 8000 100 check 
7777 1600 8000 100 check 
3333 1600 8000 100 check 
8888 1600 8000 100 check 
6666 1600 8000 100 check 
5555 2400 8000 100 check 
2222 2400 8000 100 check 
4444 2400 8000 100 check 
total pot: 800 
/inquire 
recv from player 4444: call

send inquire msg to player 2222 
inquire/ 
4444 2400 8000 100 check 
1111 1600 8000 100 check 
7777 1600 8000 100 check 
3333 1600 8000 100 check 
8888 1600 8000 100 check 
6666 1600 8000 100 check 
5555 2400 8000 100 check 
2222 2400 8000 100 check 
total pot: 800 
/inquire 
recv from player 2222: call

send inquire msg to player 5555 
inquire/ 
2222 2400 8000 100 check 
4444 2400 8000 100 check 
1111 1600 8000 100 check 
7777 1600 8000 100 check 
3333 1600 8000 100 check 
8888 1600 8000 100 check 
6666 1600 8000 100 check 
5555 2400 8000 100 check 
total pot: 800 
/inquire 
recv from player 5555: call

send inquire msg to player 6666 
inquire/ 
5555 2400 8000 100 check 
2222 2400 8000 100 check 
4444 2400 8000 100 check 
1111 1600 8000 100 check 
7777 1600 8000 100 check 
3333 1600 8000 100 check 
8888 1600 8000 100 check 
6666 1600 8000 100 check 
total pot: 800 
/inquire 
recv from player 6666: call

send inquire msg to player 8888 
inquire/ 
6666 1600 8000 100 check 
5555 2400 8000 100 check 
2222 2400 8000 100 check 
4444 2400 8000 100 check 
1111 1600 8000 100 check 
7777 1600 8000 100 check 
3333 1600 8000 100 check 
8888 1600 8000 100 check 
total pot: 800 
/inquire 
recv from player 8888: call

send inquire msg to player 3333 
inquire/ 
8888 1600 8000 100 check 
6666 1600 8000 100 check 
5555 2400 8000 100 check 
2222 2400 8000 100 check 
4444 2400 8000 100 check 
1111 1600 8000 100 check 
7777 1600 8000 100 check 
3333 1600 8000 100 check 
total pot: 800 
/inquire 
recv from player 3333: call

send inquire msg to player 7777 
inquire/ 
3333 1600 8000 100 check 
8888 1600 8000 100 check 
6666 1600 8000 100 check 
5555 2400 8000 100 check 
2222 2400 8000 100 check 
4444 2400 8000 100 check 
1111 1600 8000 100 check 
7777 1600 8000 100 check 
total pot: 800 
/inquire 
recv from player 7777: call

river/ 
CLUBS 9 
/river 

