

===VERSION 1.26===
---GAME START @ 2015-6-2-15-51-40---

wait registration for 30 seconds
reg: 4444 DSNJU 
reg: 3333 DSNJU 
reg: 1111 DSNJU 
reg: 2222 DSNJU 
reg: 5555 DSNJU 
reg: 7777 DSNJU 
reg: 6666 DSNJU 
reg: 8888 DSNJU 
close registration

-----1 Hand-----

----- clean player data in socket -----
seat/ 
button: 4444 2000 2000 
small blind: 8888 2000 2000 
big blind: 5555 2000 2000 
1111 2000 2000 
3333 2000 2000 
7777 2000 2000 
6666 2000 2000 
2222 2000 2000 
/seat 
blind/ 
8888: 20 
5555: 40 
/blind 
player 8888:hold/ 
CLUBS 3 
DIAMONDS A 
/hold 
player 5555:hold/ 
SPADES 4 
CLUBS 7 
/hold 
player 1111:hold/ 
HEARTS 6 
CLUBS 2 
/hold 
player 3333:hold/ 
SPADES K 
HEARTS 4 
/hold 
player 7777:hold/ 
HEARTS J 
SPADES 2 
/hold 
player 6666:hold/ 
SPADES 3 
SPADES 10 
/hold 
player 2222:hold/ 
CLUBS 9 
SPADES J 
/hold 
player 4444:hold/ 
HEARTS 2 
CLUBS 6 
/hold 

---pre flop round bet---
valid player: 8, all in player: 0, fold player: 0

send inquire msg to player 1111(seat:2) 
inquire/ 
5555 1960 2000 40 blind 
8888 1980 2000 20 blind 
total pot: 60 
/inquire 
recv from player 1111: check


send inquire msg to player 3333(seat:3) 
inquire/ 
1111 1960 2000 40 call 
5555 1960 2000 40 blind 
8888 1980 2000 20 blind 
total pot: 100 
/inquire 
recv from player 3333: check


send inquire msg to player 7777(seat:4) 
inquire/ 
3333 1960 2000 40 call 
1111 1960 2000 40 call 
5555 1960 2000 40 blind 
8888 1980 2000 20 blind 
total pot: 140 
/inquire 
recv from player 7777: check


send inquire msg to player 6666(seat:5) 
inquire/ 
7777 1960 2000 40 call 
3333 1960 2000 40 call 
1111 1960 2000 40 call 
5555 1960 2000 40 blind 
8888 1980 2000 20 blind 
total pot: 180 
/inquire 
recv from player 6666: check


send inquire msg to player 2222(seat:6) 
inquire/ 
6666 1960 2000 40 call 
7777 1960 2000 40 call 
3333 1960 2000 40 call 
1111 1960 2000 40 call 
5555 1960 2000 40 blind 
8888 1980 2000 20 blind 
total pot: 220 
/inquire 
recv from player 2222: call


send inquire msg to player 4444(seat:7) 
inquire/ 
2222 1960 2000 40 call 
6666 1960 2000 40 call 
7777 1960 2000 40 call 
3333 1960 2000 40 call 
1111 1960 2000 40 call 
5555 1960 2000 40 blind 
8888 1980 2000 20 blind 
total pot: 260 
/inquire 
recv from player 4444: 


Recv invalid action msg(
) from player 4444
send inquire msg to player 8888(seat:0) 
inquire/ 
4444 2000 2000 0 fold 
2222 1960 2000 40 call 
6666 1960 2000 40 call 
7777 1960 2000 40 call 
3333 1960 2000 40 call 
1111 1960 2000 40 call 
5555 1960 2000 40 blind 
8888 1980 2000 20 blind 
total pot: 260 
/inquire 
recv from player 8888: 


Recv invalid action msg(
) from player 8888
send inquire msg to player 5555(seat:1) 
inquire/ 
8888 1980 2000 20 fold 
4444 2000 2000 0 fold 
2222 1960 2000 40 call 
6666 1960 2000 40 call 
7777 1960 2000 40 call 
3333 1960 2000 40 call 
1111 1960 2000 40 call 
5555 1960 2000 40 blind 
total pot: 260 
/inquire 
recv from player 5555: check

valid player: 8, all in player: 0, fold player: 2

----- send notify msg from 2 to 0(exclude) -----

player 1111(seat:2) doesn't need notify-msg

player 3333(seat:3) doesn't need notify-msg

player 7777(seat:4) doesn't need notify-msg

player 6666(seat:5) doesn't need notify-msg

player 2222(seat:6) doesn't need notify-msg

player 4444(seat:7) doesn't need notify-msg
flop/ 
HEARTS 5 
HEARTS 7 
DIAMONDS 2 
/flop 

---flop round bet---
valid player: 8, all in player: 0, fold player: 2

player 8888(seat:0) doesn't need notify-msg

send inquire msg to player 5555(seat:1) 
inquire/ 
8888 1980 2000 20 fold 
4444 2000 2000 0 fold 
2222 1960 2000 40 call 
6666 1960 2000 40 call 
7777 1960 2000 40 call 
3333 1960 2000 40 call 
1111 1960 2000 40 call 
5555 1960 2000 40 check 
total pot: 260 
/inquire 
recv from player 5555: raise 80


send inquire msg to player 1111(seat:2) 
inquire/ 
5555 1880 2000 120 raise 
8888 1980 2000 20 fold 
4444 2000 2000 0 fold 
2222 1960 2000 40 call 
6666 1960 2000 40 call 
7777 1960 2000 40 call 
3333 1960 2000 40 call 
1111 1960 2000 40 call 
total pot: 340 
/inquire 
recv from player 1111: fold


send inquire msg to player 3333(seat:3) 
inquire/ 
1111 1960 2000 40 fold 
5555 1880 2000 120 raise 
8888 1980 2000 20 fold 
4444 2000 2000 0 fold 
2222 1960 2000 40 call 
6666 1960 2000 40 call 
7777 1960 2000 40 call 
3333 1960 2000 40 call 
total pot: 340 
/inquire 
recv from player 3333: fold


send inquire msg to player 7777(seat:4) 
inquire/ 
3333 1960 2000 40 fold 
1111 1960 2000 40 fold 
5555 1880 2000 120 raise 
8888 1980 2000 20 fold 
4444 2000 2000 0 fold 
2222 1960 2000 40 call 
6666 1960 2000 40 call 
7777 1960 2000 40 call 
total pot: 340 
/inquire 
recv from player 7777: fold


send inquire msg to player 6666(seat:5) 
inquire/ 
7777 1960 2000 40 fold 
3333 1960 2000 40 fold 
1111 1960 2000 40 fold 
5555 1880 2000 120 raise 
8888 1980 2000 20 fold 
4444 2000 2000 0 fold 
2222 1960 2000 40 call 
6666 1960 2000 40 call 
total pot: 340 
/inquire 
recv from player 6666: fold


send inquire msg to player 2222(seat:6) 
inquire/ 
6666 1960 2000 40 fold 
7777 1960 2000 40 fold 
3333 1960 2000 40 fold 
1111 1960 2000 40 fold 
5555 1880 2000 120 raise 
8888 1980 2000 20 fold 
4444 2000 2000 0 fold 
2222 1960 2000 40 call 
total pot: 340 
/inquire 
recv from player 2222: fold

valid player: 8, all in player: 0, fold player: 7

----- send notify msg from 7 to 6(exclude) -----

player 4444(seat:7) doesn't need notify-msg

player 8888(seat:0) doesn't need notify-msg

player 5555(seat:1) doesn't need notify-msg

player 1111(seat:2) doesn't need notify-msg

player 3333(seat:3) doesn't need notify-msg

player 7777(seat:4) doesn't need notify-msg

player 6666(seat:5) doesn't need notify-msg

---turn round bet---
valid player: 8, all in player: 0, fold player: 7

---river round bet---
valid player: 8, all in player: 0, fold player: 7

--- 1 players not fold, don't need show down---

---Allocate pot---
Only player at seat 1 not fold, win all the pot 340
pot-win/ 
5555: 340 
/pot-win 
it is player 8888's turn to be button

-----2 Hand-----

----- clean player data in socket -----
seat/ 
button: 8888 1980 2000 
small blind: 5555 2220 2000 
big blind: 1111 1960 2000 
3333 1960 2000 
7777 1960 2000 
6666 1960 2000 
2222 1960 2000 
4444 2000 2000 
/seat 
blind/ 
5555: 20 
1111: 40 
/blind 
player 5555:hold/ 
SPADES 10 
CLUBS 8 
/hold 
player 1111:hold/ 
CLUBS K 
CLUBS 5 
/hold 
player 3333:hold/ 
DIAMONDS 3 
HEARTS K 
/hold 
player 7777:hold/ 
HEARTS 2 
HEARTS 10 
/hold 
player 6666:hold/ 
CLUBS 7 
DIAMONDS J 
/hold 
player 2222:hold/ 
CLUBS 10 
SPADES 7 
/hold 
player 4444:hold/ 
DIAMONDS 9 
DIAMONDS 8 
/hold 
player 8888:hold/ 
DIAMONDS K 
SPADES K 
/hold 

---pre flop round bet---
valid player: 8, all in player: 0, fold player: 0

send inquire msg to player 3333(seat:2) 
inquire/ 
1111 1920 2000 40 blind 
5555 2200 2000 20 blind 
total pot: 60 
/inquire 
recv from player 3333: check


send inquire msg to player 7777(seat:3) 
inquire/ 
3333 1920 2000 40 call 
1111 1920 2000 40 blind 
5555 2200 2000 20 blind 
total pot: 100 
/inquire 
recv from player 7777: check


send inquire msg to player 6666(seat:4) 
inquire/ 
7777 1920 2000 40 call 
3333 1920 2000 40 call 
1111 1920 2000 40 blind 
5555 2200 2000 20 blind 
total pot: 140 
/inquire 
recv from player 6666: check


send inquire msg to player 2222(seat:5) 
inquire/ 
6666 1920 2000 40 call 
7777 1920 2000 40 call 
3333 1920 2000 40 call 
1111 1920 2000 40 blind 
5555 2200 2000 20 blind 
total pot: 180 
/inquire 
recv from player 2222: check


send inquire msg to player 4444(seat:6) 
inquire/ 
2222 1920 2000 40 call 
6666 1920 2000 40 call 
7777 1920 2000 40 call 
3333 1920 2000 40 call 
1111 1920 2000 40 blind 
5555 2200 2000 20 blind 
total pot: 220 
/inquire 
recv from player 4444: check


send inquire msg to player 8888(seat:7) 
inquire/ 
4444 1960 2000 40 call 
2222 1920 2000 40 call 
6666 1920 2000 40 call 
7777 1920 2000 40 call 
3333 1920 2000 40 call 
1111 1920 2000 40 blind 
5555 2200 2000 20 blind 
total pot: 260 
/inquire 
recv from player 8888: raise 340


send inquire msg to player 5555(seat:0) 
inquire/ 
8888 1600 2000 380 raise 
4444 1960 2000 40 call 
2222 1920 2000 40 call 
6666 1920 2000 40 call 
7777 1920 2000 40 call 
3333 1920 2000 40 call 
1111 1920 2000 40 blind 
5555 2200 2000 20 blind 
total pot: 640 
/inquire 
recv from player 5555: fold


send inquire msg to player 1111(seat:1) 
inquire/ 
5555 2200 2000 20 fold 
8888 1600 2000 380 raise 
4444 1960 2000 40 call 
2222 1920 2000 40 call 
6666 1920 2000 40 call 
7777 1920 2000 40 call 
3333 1920 2000 40 call 
1111 1920 2000 40 blind 
total pot: 640 
/inquire 
recv from player 1111: fold


send inquire msg to player 3333(seat:2) 
inquire/ 
1111 1920 2000 40 fold 
5555 2200 2000 20 fold 
8888 1600 2000 380 raise 
4444 1960 2000 40 call 
2222 1920 2000 40 call 
6666 1920 2000 40 call 
7777 1920 2000 40 call 
3333 1920 2000 40 call 
total pot: 640 
/inquire 
recv from player 3333: check


send inquire msg to player 7777(seat:3) 
inquire/ 
3333 1580 2000 380 call 
1111 1920 2000 40 fold 
5555 2200 2000 20 fold 
8888 1600 2000 380 raise 
4444 1960 2000 40 call 
2222 1920 2000 40 call 
6666 1920 2000 40 call 
7777 1920 2000 40 call 
total pot: 980 
/inquire 
recv from player 7777: check


send inquire msg to player 6666(seat:4) 
inquire/ 
7777 1580 2000 380 call 
3333 1580 2000 380 call 
1111 1920 2000 40 fold 
5555 2200 2000 20 fold 
8888 1600 2000 380 raise 
4444 1960 2000 40 call 
2222 1920 2000 40 call 
6666 1920 2000 40 call 
total pot: 1320 
/inquire 
recv from player 6666: check


send inquire msg to player 2222(seat:5) 
inquire/ 
6666 1580 2000 380 call 
7777 1580 2000 380 call 
3333 1580 2000 380 call 
1111 1920 2000 40 fold 
5555 2200 2000 20 fold 
8888 1600 2000 380 raise 
4444 1960 2000 40 call 
2222 1920 2000 40 call 
total pot: 1660 
/inquire 
recv from player 2222: check


send inquire msg to player 4444(seat:6) 
inquire/ 
2222 1580 2000 380 call 
6666 1580 2000 380 call 
7777 1580 2000 380 call 
3333 1580 2000 380 call 
1111 1920 2000 40 fold 
5555 2200 2000 20 fold 
8888 1600 2000 380 raise 
4444 1960 2000 40 call 
total pot: 2000 
/inquire 
recv from player 4444: check

valid player: 8, all in player: 0, fold player: 2

----- send notify msg from 7 to 0(exclude) -----

player 8888(seat:7) doesn't need notify-msg
flop/ 
SPADES 3 
SPADES 2 
CLUBS 9 
/flop 

---flop round bet---
valid player: 8, all in player: 0, fold player: 2

player 5555(seat:0) doesn't need notify-msg

player 1111(seat:1) doesn't need notify-msg

send inquire msg to player 3333(seat:2) 
inquire/ 
1111 1920 2000 40 fold 
5555 2200 2000 20 fold 
8888 1600 2000 380 raise 
4444 1620 2000 380 call 
2222 1580 2000 380 call 
6666 1580 2000 380 call 
7777 1580 2000 380 call 
3333 1580 2000 380 call 
total pot: 2340 
/inquire 
recv from player 3333: check


send inquire msg to player 7777(seat:3) 
inquire/ 
3333 1580 2000 380 check 
1111 1920 2000 40 fold 
5555 2200 2000 20 fold 
8888 1600 2000 380 raise 
4444 1620 2000 380 call 
2222 1580 2000 380 call 
6666 1580 2000 380 call 
7777 1580 2000 380 call 
total pot: 2340 
/inquire 
recv from player 7777: check


send inquire msg to player 6666(seat:4) 
inquire/ 
7777 1580 2000 380 check 
3333 1580 2000 380 check 
1111 1920 2000 40 fold 
5555 2200 2000 20 fold 
8888 1600 2000 380 raise 
4444 1620 2000 380 call 
2222 1580 2000 380 call 
6666 1580 2000 380 call 
total pot: 2340 
/inquire 
recv from player 6666: check


send inquire msg to player 2222(seat:5) 
inquire/ 
6666 1580 2000 380 check 
7777 1580 2000 380 check 
3333 1580 2000 380 check 
1111 1920 2000 40 fold 
5555 2200 2000 20 fold 
8888 1600 2000 380 raise 
4444 1620 2000 380 call 
2222 1580 2000 380 call 
total pot: 2340 
/inquire 
recv from player 2222: check


send inquire msg to player 4444(seat:6) 
inquire/ 
2222 1580 2000 380 check 
6666 1580 2000 380 check 
7777 1580 2000 380 check 
3333 1580 2000 380 check 
1111 1920 2000 40 fold 
5555 2200 2000 20 fold 
8888 1600 2000 380 raise 
4444 1620 2000 380 call 
total pot: 2340 
/inquire 
recv from player 4444: check


send inquire msg to player 8888(seat:7) 
inquire/ 
4444 1620 2000 380 check 
2222 1580 2000 380 check 
6666 1580 2000 380 check 
7777 1580 2000 380 check 
3333 1580 2000 380 check 
1111 1920 2000 40 fold 
5555 2200 2000 20 fold 
8888 1600 2000 380 raise 
total pot: 2340 
/inquire 
recv from player 8888: check

valid player: 8, all in player: 0, fold player: 2

----- send notify msg from 0 to 0(exclude) -----
turn/ 
HEARTS 8 
/turn 

---turn round bet---
valid player: 8, all in player: 0, fold player: 2

player 5555(seat:0) doesn't need notify-msg

player 1111(seat:1) doesn't need notify-msg

send inquire msg to player 3333(seat:2) 
inquire/ 
1111 1920 2000 40 fold 
5555 2200 2000 20 fold 
8888 1600 2000 380 check 
4444 1620 2000 380 check 
2222 1580 2000 380 check 
6666 1580 2000 380 check 
7777 1580 2000 380 check 
3333 1580 2000 380 check 
total pot: 2340 
/inquire 
recv from player 3333: check


send inquire msg to player 7777(seat:3) 
inquire/ 
3333 1580 2000 380 check 
1111 1920 2000 40 fold 
5555 2200 2000 20 fold 
8888 1600 2000 380 check 
4444 1620 2000 380 check 
2222 1580 2000 380 check 
6666 1580 2000 380 check 
7777 1580 2000 380 check 
total pot: 2340 
/inquire 
recv from player 7777: check


send inquire msg to player 6666(seat:4) 
inquire/ 
7777 1580 2000 380 check 
3333 1580 2000 380 check 
1111 1920 2000 40 fold 
5555 2200 2000 20 fold 
8888 1600 2000 380 check 
4444 1620 2000 380 check 
2222 1580 2000 380 check 
6666 1580 2000 380 check 
total pot: 2340 
/inquire 
recv from player 6666: check


send inquire msg to player 2222(seat:5) 
inquire/ 
6666 1580 2000 380 check 
7777 1580 2000 380 check 
3333 1580 2000 380 check 
1111 1920 2000 40 fold 
5555 2200 2000 20 fold 
8888 1600 2000 380 check 
4444 1620 2000 380 check 
2222 1580 2000 380 check 
total pot: 2340 
/inquire 
recv from player 2222: check


send inquire msg to player 4444(seat:6) 
inquire/ 
2222 1580 2000 380 check 
6666 1580 2000 380 check 
7777 1580 2000 380 check 
3333 1580 2000 380 check 
1111 1920 2000 40 fold 
5555 2200 2000 20 fold 
8888 1600 2000 380 check 
4444 1620 2000 380 check 
total pot: 2340 
/inquire 
recv from player 4444: raise 120


send inquire msg to player 8888(seat:7) 
inquire/ 
4444 1500 2000 500 raise 
2222 1580 2000 380 check 
6666 1580 2000 380 check 
7777 1580 2000 380 check 
3333 1580 2000 380 check 
1111 1920 2000 40 fold 
5555 2200 2000 20 fold 
8888 1600 2000 380 check 
total pot: 2460 
/inquire 
recv from player 8888: call


player 5555(seat:0) doesn't need notify-msg

player 1111(seat:1) doesn't need notify-msg

send inquire msg to player 3333(seat:2) 
inquire/ 
1111 1920 2000 40 fold 
5555 2200 2000 20 fold 
8888 1480 2000 500 call 
4444 1500 2000 500 raise 
2222 1580 2000 380 check 
6666 1580 2000 380 check 
7777 1580 2000 380 check 
3333 1580 2000 380 check 
total pot: 2580 
/inquire 
recv from player 3333: fold


send inquire msg to player 7777(seat:3) 
inquire/ 
3333 1580 2000 380 fold 
1111 1920 2000 40 fold 
5555 2200 2000 20 fold 
8888 1480 2000 500 call 
4444 1500 2000 500 raise 
2222 1580 2000 380 check 
6666 1580 2000 380 check 
7777 1580 2000 380 check 
total pot: 2580 
/inquire 
recv from player 7777: fold


send inquire msg to player 6666(seat:4) 
inquire/ 
7777 1580 2000 380 fold 
3333 1580 2000 380 fold 
1111 1920 2000 40 fold 
5555 2200 2000 20 fold 
8888 1480 2000 500 call 
4444 1500 2000 500 raise 
2222 1580 2000 380 check 
6666 1580 2000 380 check 
total pot: 2580 
/inquire 
recv from player 6666: fold


send inquire msg to player 2222(seat:5) 
inquire/ 
6666 1580 2000 380 fold 
7777 1580 2000 380 fold 
3333 1580 2000 380 fold 
1111 1920 2000 40 fold 
5555 2200 2000 20 fold 
8888 1480 2000 500 call 
4444 1500 2000 500 raise 
2222 1580 2000 380 check 
total pot: 2580 
/inquire 
recv from player 2222: call

valid player: 8, all in player: 0, fold player: 5

----- send notify msg from 6 to 0(exclude) -----

player 4444(seat:6) doesn't need notify-msg

player 8888(seat:7) doesn't need notify-msg
river/ 
CLUBS 4 
/river 

---river round bet---
valid player: 8, all in player: 0, fold player: 5

player 5555(seat:0) doesn't need notify-msg

player 1111(seat:1) doesn't need notify-msg

player 3333(seat:2) doesn't need notify-msg

player 7777(seat:3) doesn't need notify-msg

player 6666(seat:4) doesn't need notify-msg

send inquire msg to player 2222(seat:5) 
inquire/ 
6666 1580 2000 380 fold 
7777 1580 2000 380 fold 
3333 1580 2000 380 fold 
1111 1920 2000 40 fold 
5555 2200 2000 20 fold 
8888 1480 2000 500 call 
4444 1500 2000 500 raise 
2222 1460 2000 500 call 
total pot: 2700 
/inquire 
recv from player 2222: check


send inquire msg to player 4444(seat:6) 
inquire/ 
2222 1460 2000 500 check 
6666 1580 2000 380 fold 
7777 1580 2000 380 fold 
3333 1580 2000 380 fold 
1111 1920 2000 40 fold 
5555 2200 2000 20 fold 
8888 1480 2000 500 call 
4444 1500 2000 500 raise 
total pot: 2700 
/inquire 
recv from player 4444: raise 160


send inquire msg to player 8888(seat:7) 
inquire/ 
4444 1340 2000 660 raise 
2222 1460 2000 500 check 
6666 1580 2000 380 fold 
7777 1580 2000 380 fold 
3333 1580 2000 380 fold 
1111 1920 2000 40 fold 
5555 2200 2000 20 fold 
8888 1480 2000 500 call 
total pot: 2860 
/inquire 
recv from player 8888: call


player 5555(seat:0) doesn't need notify-msg

player 1111(seat:1) doesn't need notify-msg

player 3333(seat:2) doesn't need notify-msg

player 7777(seat:3) doesn't need notify-msg

player 6666(seat:4) doesn't need notify-msg

send inquire msg to player 2222(seat:5) 
inquire/ 
6666 1580 2000 380 fold 
7777 1580 2000 380 fold 
3333 1580 2000 380 fold 
1111 1920 2000 40 fold 
5555 2200 2000 20 fold 
8888 1320 2000 660 call 
4444 1340 2000 660 raise 
2222 1460 2000 500 check 
total pot: 3020 
/inquire 
recv from player 2222: fold

valid player: 8, all in player: 0, fold player: 6

----- send notify msg from 6 to 0(exclude) -----

player 4444(seat:6) doesn't need notify-msg

player 8888(seat:7) doesn't need notify-msg

---show down---
showdown/ 
common/ 
SPADES 3 
SPADES 2 
CLUBS 9 
HEARTS 8 
CLUBS 4 
/common 
1: 4444 DIAMONDS 9 DIAMONDS 8 TWO_PAIR 
2: 8888 DIAMONDS K SPADES K ONE_PAIR 
/showdown 

---Allocate pot---
pot-win/ 
4444: 3020 
/pot-win 
it is player 5555's turn to be button

-----3 Hand-----

----- clean player data in socket -----
seat/ 
button: 5555 2200 2000 
small blind: 1111 1920 2000 
big blind: 3333 1580 2000 
7777 1580 2000 
6666 1580 2000 
2222 1460 2000 
4444 4360 2000 
8888 1320 2000 
/seat 
blind/ 
1111: 20 
3333: 40 
/blind 
player 1111:hold/ 
SPADES 3 
DIAMONDS 3 
/hold 
player 3333:hold/ 
HEARTS K 
DIAMONDS 8 
/hold 
player 7777:hold/ 
DIAMONDS 6 
CLUBS Q 
/hold 
player 6666:hold/ 
CLUBS 4 
SPADES A 
/hold 
player 2222:hold/ 
DIAMONDS Q 
CLUBS J 
/hold 
player 4444:hold/ 
SPADES 4 
HEARTS 6 
/hold 
player 8888:hold/ 
SPADES 5 
SPADES J 
/hold 
player 5555:hold/ 
SPADES 10 
CLUBS 5 
/hold 

---pre flop round bet---
valid player: 8, all in player: 0, fold player: 0

send inquire msg to player 7777(seat:2) 
inquire/ 
3333 1540 2000 40 blind 
1111 1900 2000 20 blind 
total pot: 60 
/inquire 
recv from player 7777: check


send inquire msg to player 6666(seat:3) 
inquire/ 
7777 1540 2000 40 call 
3333 1540 2000 40 blind 
1111 1900 2000 20 blind 
total pot: 100 
/inquire 
recv from player 6666: check


send inquire msg to player 2222(seat:4) 
inquire/ 
6666 1540 2000 40 call 
7777 1540 2000 40 call 
3333 1540 2000 40 blind 
1111 1900 2000 20 blind 
total pot: 140 
/inquire 
recv from player 2222: check


send inquire msg to player 4444(seat:5) 
inquire/ 
2222 1420 2000 40 call 
6666 1540 2000 40 call 
7777 1540 2000 40 call 
3333 1540 2000 40 blind 
1111 1900 2000 20 blind 
total pot: 180 
/inquire 
recv from player 4444: check


send inquire msg to player 8888(seat:6) 
inquire/ 
4444 4320 2000 40 call 
2222 1420 2000 40 call 
6666 1540 2000 40 call 
7777 1540 2000 40 call 
3333 1540 2000 40 blind 
1111 1900 2000 20 blind 
total pot: 220 
/inquire 
recv from player 8888: check


send inquire msg to player 5555(seat:7) 
inquire/ 
8888 1280 2000 40 call 
4444 4320 2000 40 call 
2222 1420 2000 40 call 
6666 1540 2000 40 call 
7777 1540 2000 40 call 
3333 1540 2000 40 blind 
1111 1900 2000 20 blind 
total pot: 260 
/inquire 
recv from player 5555: 


Recv invalid action msg(
) from player 5555
send inquire msg to player 1111(seat:0) 
inquire/ 
5555 2200 2000 0 fold 
8888 1280 2000 40 call 
4444 4320 2000 40 call 
2222 1420 2000 40 call 
6666 1540 2000 40 call 
7777 1540 2000 40 call 
3333 1540 2000 40 blind 
1111 1900 2000 20 blind 
total pot: 260 
/inquire 
recv from player 1111: fold


send inquire msg to player 3333(seat:1) 
inquire/ 
1111 1900 2000 20 fold 
5555 2200 2000 0 fold 
8888 1280 2000 40 call 
4444 4320 2000 40 call 
2222 1420 2000 40 call 
6666 1540 2000 40 call 
7777 1540 2000 40 call 
3333 1540 2000 40 blind 
total pot: 260 
/inquire 
recv from player 3333: check

valid player: 8, all in player: 0, fold player: 2

----- send notify msg from 2 to 0(exclude) -----

player 7777(seat:2) doesn't need notify-msg

player 6666(seat:3) doesn't need notify-msg

player 2222(seat:4) doesn't need notify-msg

player 4444(seat:5) doesn't need notify-msg

player 8888(seat:6) doesn't need notify-msg

player 5555(seat:7) doesn't need notify-msg
flop/ 
SPADES 7 
SPADES 6 
HEARTS 9 
/flop 

---flop round bet---
valid player: 8, all in player: 0, fold player: 2

player 1111(seat:0) doesn't need notify-msg

send inquire msg to player 3333(seat:1) 
inquire/ 
1111 1900 2000 20 fold 
5555 2200 2000 0 fold 
8888 1280 2000 40 call 
4444 4320 2000 40 call 
2222 1420 2000 40 call 
6666 1540 2000 40 call 
7777 1540 2000 40 call 
3333 1540 2000 40 check 
total pot: 260 
/inquire 
recv from player 3333: raise 41


send inquire msg to player 7777(seat:2) 
inquire/ 
3333 1499 2000 81 raise 
1111 1900 2000 20 fold 
5555 2200 2000 0 fold 
8888 1280 2000 40 call 
4444 4320 2000 40 call 
2222 1420 2000 40 call 
6666 1540 2000 40 call 
7777 1540 2000 40 call 
total pot: 301 
/inquire 
recv from player 7777: raise41


send inquire msg to player 6666(seat:3) 
inquire/ 
7777 1458 2000 122 raise 
3333 1499 2000 81 raise 
1111 1900 2000 20 fold 
5555 2200 2000 0 fold 
8888 1280 2000 40 call 
4444 4320 2000 40 call 
2222 1420 2000 40 call 
6666 1540 2000 40 call 
total pot: 383 
/inquire 
recv from player 6666: fold


send inquire msg to player 2222(seat:4) 
inquire/ 
6666 1540 2000 40 fold 
7777 1458 2000 122 raise 
3333 1499 2000 81 raise 
1111 1900 2000 20 fold 
5555 2200 2000 0 fold 
8888 1280 2000 40 call 
4444 4320 2000 40 call 
2222 1420 2000 40 call 
total pot: 383 
/inquire 
recv from player 2222: fold


send inquire msg to player 4444(seat:5) 
inquire/ 
2222 1420 2000 40 fold 
6666 1540 2000 40 fold 
7777 1458 2000 122 raise 
3333 1499 2000 81 raise 
1111 1900 2000 20 fold 
5555 2200 2000 0 fold 
8888 1280 2000 40 call 
4444 4320 2000 40 call 
total pot: 383 
/inquire 
recv from player 4444: fold


send inquire msg to player 8888(seat:6) 
inquire/ 
4444 4320 2000 40 fold 
2222 1420 2000 40 fold 
6666 1540 2000 40 fold 
7777 1458 2000 122 raise 
3333 1499 2000 81 raise 
1111 1900 2000 20 fold 
5555 2200 2000 0 fold 
8888 1280 2000 40 call 
total pot: 383 
/inquire 
recv from player 8888: call


player 5555(seat:7) doesn't need notify-msg

player 1111(seat:0) doesn't need notify-msg

send inquire msg to player 3333(seat:1) 
inquire/ 
1111 1900 2000 20 fold 
5555 2200 2000 0 fold 
8888 1198 2000 122 call 
4444 4320 2000 40 fold 
2222 1420 2000 40 fold 
6666 1540 2000 40 fold 
7777 1458 2000 122 raise 
3333 1499 2000 81 raise 
total pot: 465 
/inquire 
recv from player 3333: call

valid player: 8, all in player: 0, fold player: 5

----- send notify msg from 2 to 0(exclude) -----

player 7777(seat:2) doesn't need notify-msg

player 6666(seat:3) doesn't need notify-msg

player 2222(seat:4) doesn't need notify-msg

player 4444(seat:5) doesn't need notify-msg

player 8888(seat:6) doesn't need notify-msg

player 5555(seat:7) doesn't need notify-msg
turn/ 
CLUBS 7 
/turn 

---turn round bet---
valid player: 8, all in player: 0, fold player: 5

player 1111(seat:0) doesn't need notify-msg

send inquire msg to player 3333(seat:1) 
inquire/ 
1111 1900 2000 20 fold 
5555 2200 2000 0 fold 
8888 1198 2000 122 call 
4444 4320 2000 40 fold 
2222 1420 2000 40 fold 
6666 1540 2000 40 fold 
7777 1458 2000 122 raise 
3333 1458 2000 122 call 
total pot: 506 
/inquire 
recv from player 3333: raise 41


send inquire msg to player 7777(seat:2) 
inquire/ 
3333 1417 2000 163 raise 
1111 1900 2000 20 fold 
5555 2200 2000 0 fold 
8888 1198 2000 122 call 
4444 4320 2000 40 fold 
2222 1420 2000 40 fold 
6666 1540 2000 40 fold 
7777 1458 2000 122 raise 
total pot: 547 
/inquire 
recv from player 7777: raise41


player 6666(seat:3) doesn't need notify-msg

player 2222(seat:4) doesn't need notify-msg

player 4444(seat:5) doesn't need notify-msg

send inquire msg to player 8888(seat:6) 
inquire/ 
4444 4320 2000 40 fold 
2222 1420 2000 40 fold 
6666 1540 2000 40 fold 
7777 1376 2000 204 raise 
3333 1417 2000 163 raise 
1111 1900 2000 20 fold 
5555 2200 2000 0 fold 
8888 1198 2000 122 call 
total pot: 629 
/inquire 
recv from player 8888: call


player 5555(seat:7) doesn't need notify-msg

player 1111(seat:0) doesn't need notify-msg

send inquire msg to player 3333(seat:1) 
inquire/ 
1111 1900 2000 20 fold 
5555 2200 2000 0 fold 
8888 1116 2000 204 call 
4444 4320 2000 40 fold 
2222 1420 2000 40 fold 
6666 1540 2000 40 fold 
7777 1376 2000 204 raise 
3333 1417 2000 163 raise 
total pot: 711 
/inquire 
recv from player 3333: fold

valid player: 8, all in player: 0, fold player: 6

----- send notify msg from 2 to 0(exclude) -----

player 7777(seat:2) doesn't need notify-msg

player 6666(seat:3) doesn't need notify-msg

player 2222(seat:4) doesn't need notify-msg

player 4444(seat:5) doesn't need notify-msg

player 8888(seat:6) doesn't need notify-msg

player 5555(seat:7) doesn't need notify-msg
river/ 
DIAMONDS K 
/river 

---river round bet---
valid player: 8, all in player: 0, fold player: 6

player 1111(seat:0) doesn't need notify-msg

player 3333(seat:1) doesn't need notify-msg

send inquire msg to player 7777(seat:2) 
inquire/ 
3333 1417 2000 163 fold 
1111 1900 2000 20 fold 
5555 2200 2000 0 fold 
8888 1116 2000 204 call 
4444 4320 2000 40 fold 
2222 1420 2000 40 fold 
6666 1540 2000 40 fold 
7777 1376 2000 204 raise 
total pot: 711 
/inquire 
recv from player 7777: check


player 6666(seat:3) doesn't need notify-msg

player 2222(seat:4) doesn't need notify-msg

player 4444(seat:5) doesn't need notify-msg

send inquire msg to player 8888(seat:6) 
inquire/ 
4444 4320 2000 40 fold 
2222 1420 2000 40 fold 
6666 1540 2000 40 fold 
7777 1376 2000 204 check 
3333 1417 2000 163 fold 
1111 1900 2000 20 fold 
5555 2200 2000 0 fold 
8888 1116 2000 204 call 
total pot: 711 
/inquire 
recv from player 8888: check

valid player: 8, all in player: 0, fold player: 6

----- send notify msg from 7 to 0(exclude) -----

player 5555(seat:7) doesn't need notify-msg

---show down---
showdown/ 
common/ 
SPADES 7 
SPADES 6 
HEARTS 9 
CLUBS 7 
DIAMONDS K 
/common 
1: 7777 DIAMONDS 6 CLUBS Q TWO_PAIR 
2: 8888 SPADES 5 SPADES J ONE_PAIR 
/showdown 

---Allocate pot---
pot-win/ 
7777: 711 
/pot-win 
it is player 1111's turn to be button

-----4 Hand-----

----- clean player data in socket -----
seat/ 
button: 1111 1900 2000 
small blind: 3333 1417 2000 
big blind: 7777 2087 2000 
6666 1540 2000 
2222 1420 2000 
4444 4320 2000 
8888 1116 2000 
5555 2200 2000 
/seat 
blind/ 
3333: 20 
7777: 40 
/blind 
player 3333:hold/ 
CLUBS 3 
SPADES 6 
/hold 
player 7777:hold/ 
CLUBS J 
SPADES J 
/hold 
player 6666:hold/ 
SPADES 4 
DIAMONDS 6 
/hold 
player 2222:hold/ 
CLUBS 4 
HEARTS 6 
/hold 
player 4444:hold/ 
CLUBS 9 
SPADES 5 
/hold 
player 8888:hold/ 
HEARTS 2 
SPADES 7 
/hold 
player 5555:hold/ 
DIAMONDS 3 
HEARTS 5 
/hold 
player 1111:hold/ 
DIAMONDS Q 
HEARTS 3 
/hold 

---pre flop round bet---
valid player: 8, all in player: 0, fold player: 0

send inquire msg to player 6666(seat:2) 
inquire/ 
7777 2047 2000 40 blind 
3333 1397 2000 20 blind 
total pot: 60 
/inquire 
recv from player 6666: check


send inquire msg to player 2222(seat:3) 
inquire/ 
6666 1500 2000 40 call 
7777 2047 2000 40 blind 
3333 1397 2000 20 blind 
total pot: 100 
/inquire 
recv from player 2222: check


send inquire msg to player 4444(seat:4) 
inquire/ 
2222 1380 2000 40 call 
6666 1500 2000 40 call 
7777 2047 2000 40 blind 
3333 1397 2000 20 blind 
total pot: 140 
/inquire 
recv from player 4444: check


send inquire msg to player 8888(seat:5) 
inquire/ 
4444 4280 2000 40 call 
2222 1380 2000 40 call 
6666 1500 2000 40 call 
7777 2047 2000 40 blind 
3333 1397 2000 20 blind 
total pot: 180 
/inquire 
recv from player 8888: check


send inquire msg to player 5555(seat:6) 
inquire/ 
8888 1076 2000 40 call 
4444 4280 2000 40 call 
2222 1380 2000 40 call 
6666 1500 2000 40 call 
7777 2047 2000 40 blind 
3333 1397 2000 20 blind 
total pot: 220 
/inquire 
recv from player 5555: check


send inquire msg to player 1111(seat:7) 
inquire/ 
5555 2160 2000 40 call 
8888 1076 2000 40 call 
4444 4280 2000 40 call 
2222 1380 2000 40 call 
6666 1500 2000 40 call 
7777 2047 2000 40 blind 
3333 1397 2000 20 blind 
total pot: 260 
/inquire 
recv from player 1111: 


Recv invalid action msg(
) from player 1111
send inquire msg to player 3333(seat:0) 
inquire/ 
1111 1900 2000 0 fold 
5555 2160 2000 40 call 
8888 1076 2000 40 call 
4444 4280 2000 40 call 
2222 1380 2000 40 call 
6666 1500 2000 40 call 
7777 2047 2000 40 blind 
3333 1397 2000 20 blind 
total pot: 260 
/inquire 
recv from player 3333: 


Recv invalid action msg(
) from player 3333
send inquire msg to player 7777(seat:1) 
inquire/ 
3333 1397 2000 20 fold 
1111 1900 2000 0 fold 
5555 2160 2000 40 call 
8888 1076 2000 40 call 
4444 4280 2000 40 call 
2222 1380 2000 40 call 
6666 1500 2000 40 call 
7777 2047 2000 40 blind 
total pot: 260 
/inquire 
recv from player 7777: raise 170


send inquire msg to player 6666(seat:2) 
inquire/ 
7777 1877 2000 210 raise 
3333 1397 2000 20 fold 
1111 1900 2000 0 fold 
5555 2160 2000 40 call 
8888 1076 2000 40 call 
4444 4280 2000 40 call 
2222 1380 2000 40 call 
6666 1500 2000 40 call 
total pot: 430 
/inquire 
recv from player 6666: check


send inquire msg to player 2222(seat:3) 
inquire/ 
6666 1330 2000 210 call 
7777 1877 2000 210 raise 
3333 1397 2000 20 fold 
1111 1900 2000 0 fold 
5555 2160 2000 40 call 
8888 1076 2000 40 call 
4444 4280 2000 40 call 
2222 1380 2000 40 call 
total pot: 600 
/inquire 
recv from player 2222: check


send inquire msg to player 4444(seat:4) 
inquire/ 
2222 1210 2000 210 call 
6666 1330 2000 210 call 
7777 1877 2000 210 raise 
3333 1397 2000 20 fold 
1111 1900 2000 0 fold 
5555 2160 2000 40 call 
8888 1076 2000 40 call 
4444 4280 2000 40 call 
total pot: 770 
/inquire 
recv from player 4444: check


send inquire msg to player 8888(seat:5) 
inquire/ 
4444 4110 2000 210 call 
2222 1210 2000 210 call 
6666 1330 2000 210 call 
7777 1877 2000 210 raise 
3333 1397 2000 20 fold 
1111 1900 2000 0 fold 
5555 2160 2000 40 call 
8888 1076 2000 40 call 
total pot: 940 
/inquire 
recv from player 8888: check


send inquire msg to player 5555(seat:6) 
inquire/ 
8888 906 2000 210 call 
4444 4110 2000 210 call 
2222 1210 2000 210 call 
6666 1330 2000 210 call 
7777 1877 2000 210 raise 
3333 1397 2000 20 fold 
1111 1900 2000 0 fold 
5555 2160 2000 40 call 
total pot: 1110 
/inquire 
recv from player 5555: check

valid player: 8, all in player: 0, fold player: 2

----- send notify msg from 7 to 0(exclude) -----

player 1111(seat:7) doesn't need notify-msg
flop/ 
HEARTS 10 
HEARTS J 
HEARTS Q 
/flop 

---flop round bet---
valid player: 8, all in player: 0, fold player: 2

player 3333(seat:0) doesn't need notify-msg

send inquire msg to player 7777(seat:1) 
inquire/ 
3333 1397 2000 20 fold 
1111 1900 2000 0 fold 
5555 1990 2000 210 call 
8888 906 2000 210 call 
4444 4110 2000 210 call 
2222 1210 2000 210 call 
6666 1330 2000 210 call 
7777 1877 2000 210 raise 
total pot: 1280 
/inquire 
recv from player 7777: check


send inquire msg to player 6666(seat:2) 
inquire/ 
7777 1877 2000 210 check 
3333 1397 2000 20 fold 
1111 1900 2000 0 fold 
5555 1990 2000 210 call 
8888 906 2000 210 call 
4444 4110 2000 210 call 
2222 1210 2000 210 call 
6666 1330 2000 210 call 
total pot: 1280 
/inquire 
recv from player 6666: check


send inquire msg to player 2222(seat:3) 
inquire/ 
6666 1330 2000 210 check 
7777 1877 2000 210 check 
3333 1397 2000 20 fold 
1111 1900 2000 0 fold 
5555 1990 2000 210 call 
8888 906 2000 210 call 
4444 4110 2000 210 call 
2222 1210 2000 210 call 
total pot: 1280 
/inquire 
recv from player 2222: check


send inquire msg to player 4444(seat:4) 
inquire/ 
2222 1210 2000 210 check 
6666 1330 2000 210 check 
7777 1877 2000 210 check 
3333 1397 2000 20 fold 
1111 1900 2000 0 fold 
5555 1990 2000 210 call 
8888 906 2000 210 call 
4444 4110 2000 210 call 
total pot: 1280 
/inquire 
recv from player 4444: check


send inquire msg to player 8888(seat:5) 
inquire/ 
4444 4110 2000 210 check 
2222 1210 2000 210 check 
6666 1330 2000 210 check 
7777 1877 2000 210 check 
3333 1397 2000 20 fold 
1111 1900 2000 0 fold 
5555 1990 2000 210 call 
8888 906 2000 210 call 
total pot: 1280 
/inquire 
recv from player 8888: check


send inquire msg to player 5555(seat:6) 
inquire/ 
8888 906 2000 210 check 
4444 4110 2000 210 check 
2222 1210 2000 210 check 
6666 1330 2000 210 check 
7777 1877 2000 210 check 
3333 1397 2000 20 fold 
1111 1900 2000 0 fold 
5555 1990 2000 210 call 
total pot: 1280 
/inquire 
recv from player 5555: check

valid player: 8, all in player: 0, fold player: 2

----- send notify msg from 7 to 0(exclude) -----

player 1111(seat:7) doesn't need notify-msg
turn/ 
HEARTS 7 
/turn 

---turn round bet---
valid player: 8, all in player: 0, fold player: 2

player 3333(seat:0) doesn't need notify-msg

send inquire msg to player 7777(seat:1) 
inquire/ 
3333 1397 2000 20 fold 
1111 1900 2000 0 fold 
5555 1990 2000 210 check 
8888 906 2000 210 check 
4444 4110 2000 210 check 
2222 1210 2000 210 check 
6666 1330 2000 210 check 
7777 1877 2000 210 check 
total pot: 1280 
/inquire 
recv from player 7777: check


send inquire msg to player 6666(seat:2) 
inquire/ 
7777 1877 2000 210 check 
3333 1397 2000 20 fold 
1111 1900 2000 0 fold 
5555 1990 2000 210 check 
8888 906 2000 210 check 
4444 4110 2000 210 check 
2222 1210 2000 210 check 
6666 1330 2000 210 check 
total pot: 1280 
/inquire 
recv from player 6666: check


send inquire msg to player 2222(seat:3) 
inquire/ 
6666 1330 2000 210 check 
7777 1877 2000 210 check 
3333 1397 2000 20 fold 
1111 1900 2000 0 fold 
5555 1990 2000 210 check 
8888 906 2000 210 check 
4444 4110 2000 210 check 
2222 1210 2000 210 check 
total pot: 1280 
/inquire 
recv from player 2222: check


send inquire msg to player 4444(seat:4) 
inquire/ 
2222 1210 2000 210 check 
6666 1330 2000 210 check 
7777 1877 2000 210 check 
3333 1397 2000 20 fold 
1111 1900 2000 0 fold 
5555 1990 2000 210 check 
8888 906 2000 210 check 
4444 4110 2000 210 check 
total pot: 1280 
/inquire 
recv from player 4444: check


send inquire msg to player 8888(seat:5) 
inquire/ 
4444 4110 2000 210 check 
2222 1210 2000 210 check 
6666 1330 2000 210 check 
7777 1877 2000 210 check 
3333 1397 2000 20 fold 
1111 1900 2000 0 fold 
5555 1990 2000 210 check 
8888 906 2000 210 check 
total pot: 1280 
/inquire 
recv from player 8888: check


send inquire msg to player 5555(seat:6) 
inquire/ 
8888 906 2000 210 check 
4444 4110 2000 210 check 
2222 1210 2000 210 check 
6666 1330 2000 210 check 
7777 1877 2000 210 check 
3333 1397 2000 20 fold 
1111 1900 2000 0 fold 
5555 1990 2000 210 check 
total pot: 1280 
/inquire 
recv from player 5555: check

valid player: 8, all in player: 0, fold player: 2

----- send notify msg from 7 to 0(exclude) -----

player 1111(seat:7) doesn't need notify-msg
river/ 
DIAMONDS 5 
/river 

---river round bet---
valid player: 8, all in player: 0, fold player: 2

player 3333(seat:0) doesn't need notify-msg

send inquire msg to player 7777(seat:1) 
inquire/ 
3333 1397 2000 20 fold 
1111 1900 2000 0 fold 
5555 1990 2000 210 check 
8888 906 2000 210 check 
4444 4110 2000 210 check 
2222 1210 2000 210 check 
6666 1330 2000 210 check 
7777 1877 2000 210 check 
total pot: 1280 
/inquire 
recv from player 7777: check


send inquire msg to player 6666(seat:2) 
inquire/ 
7777 1877 2000 210 check 
3333 1397 2000 20 fold 
1111 1900 2000 0 fold 
5555 1990 2000 210 check 
8888 906 2000 210 check 
4444 4110 2000 210 check 
2222 1210 2000 210 check 
6666 1330 2000 210 check 
total pot: 1280 
/inquire 
recv from player 6666: check


send inquire msg to player 2222(seat:3) 
inquire/ 
6666 1330 2000 210 check 
7777 1877 2000 210 check 
3333 1397 2000 20 fold 
1111 1900 2000 0 fold 
5555 1990 2000 210 check 
8888 906 2000 210 check 
4444 4110 2000 210 check 
2222 1210 2000 210 check 
total pot: 1280 
/inquire 
recv from player 2222: check


send inquire msg to player 4444(seat:4) 
inquire/ 
2222 1210 2000 210 check 
6666 1330 2000 210 check 
7777 1877 2000 210 check 
3333 1397 2000 20 fold 
1111 1900 2000 0 fold 
5555 1990 2000 210 check 
8888 906 2000 210 check 
4444 4110 2000 210 check 
total pot: 1280 
/inquire 
recv from player 4444: check


send inquire msg to player 8888(seat:5) 
inquire/ 
4444 4110 2000 210 check 
2222 1210 2000 210 check 
6666 1330 2000 210 check 
7777 1877 2000 210 check 
3333 1397 2000 20 fold 
1111 1900 2000 0 fold 
5555 1990 2000 210 check 
8888 906 2000 210 check 
total pot: 1280 
/inquire 
recv from player 8888: check


send inquire msg to player 5555(seat:6) 
inquire/ 
8888 906 2000 210 check 
4444 4110 2000 210 check 
2222 1210 2000 210 check 
6666 1330 2000 210 check 
7777 1877 2000 210 check 
3333 1397 2000 20 fold 
1111 1900 2000 0 fold 
5555 1990 2000 210 check 
total pot: 1280 
/inquire 
recv from player 5555: check

valid player: 8, all in player: 0, fold player: 2

----- send notify msg from 7 to 0(exclude) -----

player 1111(seat:7) doesn't need notify-msg

---show down---
showdown/ 
common/ 
HEARTS 10 
HEARTS J 
HEARTS Q 
HEARTS 7 
DIAMONDS 5 
/common 
4: 7777 CLUBS J SPADES J THREE_OF_A_KIND 
6: 6666 SPADES 4 DIAMONDS 6 HIGH_CARD 
1: 2222 CLUBS 4 HEARTS 6 FLUSH 
5: 4444 CLUBS 9 SPADES 5 ONE_PAIR 
3: 8888 HEARTS 2 SPADES 7 FLUSH 
2: 5555 DIAMONDS 3 HEARTS 5 FLUSH 
/showdown 

---Allocate pot---
pot-win/ 
2222: 1280 
/pot-win 
it is player 3333's turn to be button

-----5 Hand-----

----- clean player data in socket -----
seat/ 
button: 3333 1397 2000 
small blind: 7777 1877 2000 
big blind: 6666 1330 2000 
2222 2490 2000 
4444 4110 2000 
8888 906 2000 
5555 1990 2000 
1111 1900 2000 
/seat 
blind/ 
7777: 20 
6666: 40 
/blind 
player 7777:hold/ 
CLUBS 3 
CLUBS 2 
/hold 
player 6666:hold/ 
CLUBS A 
DIAMONDS 6 
/hold 
player 2222:hold/ 
SPADES 5 
DIAMONDS 5 
/hold 
player 4444:hold/ 
HEARTS 7 
DIAMONDS 4 
/hold 
player 8888:hold/ 
SPADES 3 
DIAMONDS 8 
/hold 
player 5555:hold/ 
DIAMONDS K 
SPADES Q 
/hold 
player 1111:hold/ 
HEARTS 10 
HEARTS K 
/hold 
player 3333:hold/ 
CLUBS 10 
HEARTS A 
/hold 

---pre flop round bet---
valid player: 8, all in player: 0, fold player: 0

send inquire msg to player 2222(seat:2) 
inquire/ 
6666 1290 2000 40 blind 
7777 1857 2000 20 blind 
total pot: 60 
/inquire 
recv from player 2222: raise 60.0


send inquire msg to player 4444(seat:3) 
inquire/ 
2222 2390 2000 100 raise 
6666 1290 2000 40 blind 
7777 1857 2000 20 blind 
total pot: 160 
/inquire 
recv from player 4444: check


send inquire msg to player 8888(seat:4) 
inquire/ 
4444 4010 2000 100 call 
2222 2390 2000 100 raise 
6666 1290 2000 40 blind 
7777 1857 2000 20 blind 
total pot: 260 
/inquire 
recv from player 8888: check


send inquire msg to player 5555(seat:5) 
inquire/ 
8888 806 2000 100 call 
